Position: [0.0, 0.0, 99.999019], Rotation: [0.09605849960797742, 3.4999840839530343, 0.9016602365346367], Velocity: [-0.006014965853353774, 0.029276248549429847, -0.11990285829219584]
Position: [-6.0149658533537735e-05, 0.0002927624854942985, 99.99683897141708], Rotation: [0.11379281960797742, 3.5219945039530343, 0.9016602365346367], Velocity: [-0.012029931706707547, 0.05855249709885969, -0.23980571658439168]
Position: [-0.0001804489756006132, 0.0008782874564828955, 99.99345991425123], Rotation: [0.1315271396079774, 3.5440049239530342, 0.9016602365346367], Velocity: [-0.01804489756006132, 0.08782874564828955, -0.35970857487658753]
Position: [-0.0003608979512012264, 0.001756574912965791, 99.98888182850247], Rotation: [0.1492614596079774, 3.566015343953034, 0.9016602365346367], Velocity: [-0.024059863413415095, 0.11710499419771939, -0.47961143316878335]
Position: [-0.0006014965853353774, 0.0029276248549429847, 99.98310471417078], Rotation: [0.1669957796079774, 3.588025763953034, 0.9016602365346367], Velocity: [-0.030074829266768868, 0.14638124274714923, -0.5995142914609792]
Position: [-0.000902244878003066, 0.004391437282414477, 99.97612857125617], Rotation: [0.1847300996079774, 3.610036183953034, 0.9016602365346367], Velocity: [-0.03608979512012264, 0.17565749129657907, -0.7194171497531751]
Position: [-0.0012631428292042926, 0.006148012195380268, 99.96795339975864], Rotation: [0.2024644196079774, 3.632046603953034, 0.9016602365346367], Velocity: [-0.042104760973476416, 0.2049337398460089, -0.8393200080453709]
Position: [-0.0016841904389390567, 0.008197349593840357, 99.95857919967818], Rotation: [0.2201987396079774, 3.654057023953034, 0.9016602365346367], Velocity: [-0.04811972682683019, 0.23420998839543875, -0.9592228663375667]
Position: [-0.0021653877072073586, 0.010539449477794744, 99.94800597101481], Rotation: [0.2379330596079774, 3.676067443953034, 0.9016602365346367], Velocity: [-0.05413469268018396, 0.2634862369448686, -1.0791257246297625]
Position: [-0.002706734634009198, 0.01317431184724343, 99.93623371376852], Rotation: [0.25566737960797736, 3.698077863953034, 0.9016602365346367], Velocity: [-0.060149658533537737, 0.29276248549429845, -1.1990285829219585]
Position: [-0.0033082312193445755, 0.016101936702186414, 99.92326242793929], Rotation: [0.27340169960797733, 3.720088283953034, 0.9016602365346367], Velocity: [-0.06616462438689151, 0.3220387340437283, -1.3189314412141544]
Position: [-0.00396987746321349, 0.019322324042623698, 99.90909211352715], Rotation: [0.2911360196079773, 3.742098703953034, 0.9016602365346367], Velocity: [-0.07217959024024528, 0.35131498259315813, -1.4388342995063503]
Position: [-0.004691673365615943, 0.02283547386855528, 99.8937227705321], Rotation: [0.3088760896079773, 3.721885013953034, 0.9016602365346367], Velocity: [-0.05574221077335948, 0.27154311011066595, -1.5763355995777377]
Position: [-0.005249095473349538, 0.025550904969661937, 99.87697841453631], Rotation: [0.3266161596079773, 3.7016713239530343, 0.9016602365346367], Velocity: [-0.03930483130647368, 0.19177123762817377, -1.7138368996491251]
Position: [-0.0056421437864142745, 0.027468617345943674, 99.85885904553982], Rotation: [0.3443562296079773, 3.6814576339530345, 0.9016602365346367], Velocity: [-0.022867451839587875, 0.11199936514568161, -1.8513381997205125]
Position: [-0.0058708183048101535, 0.02858861099740049, 99.83936466354261], Rotation: [0.3620962996079773, 3.6612439439530347, 0.9016602365346367], Velocity: [-0.0064300723727020725, 0.032227492663189444, -1.9888394997919]
Position: [-0.005935119028537174, 0.028910885924032383, 99.8184952685447], Rotation: [0.3798363696079773, 3.641030253953035, 0.9016602365346367], Velocity: [0.01000730709418373, -0.04754437981930272, -2.1263407998632875]
Position: [-0.005835045957595337, 0.028435442125839355, 99.79625086054607], Rotation: [0.3975764396079773, 3.620816563953035, 0.9016602365346367], Velocity: [0.026444686561069533, -0.12731625230179489, -2.263842099934675]
Position: [-0.005570599091984641, 0.027162279602821405, 99.77263143954671], Rotation: [0.4153165096079773, 3.600602873953035, 0.9016602365346367], Velocity: [0.042882066027955336, -0.20708812478428706, -2.4013434000060627]
Position: [-0.005141778431705088, 0.025091398354978534, 99.74763700554665], Rotation: [0.4330565796079773, 3.5803891839530353, 0.9016602365346367], Velocity: [0.05931944549484114, -0.28685999726677924, -2.5388447000774503]
Position: [-0.0045485839767566765, 0.02222279838231074, 99.72126755854588], Rotation: [0.4507966496079773, 3.5601754939530355, 0.9016602365346367], Velocity: [0.07575682496172695, -0.3666318697492714, -2.676346000148838]
Position: [-0.003791015727139407, 0.018556479684818026, 99.69352309854439], Rotation: [0.46853671960797727, 3.5399618039530356, 0.9016602365346367], Velocity: [0.09219420442861276, -0.4464037422317636, -2.8138473002202256]
Position: [-0.0028690736828532793, 0.01409244226250039, 99.66440362554219], Rotation: [0.48627678960797727, 3.5197481139530358, 0.9016602365346367], Velocity: [0.10863158389549857, -0.5261756147142558, -2.951348600291613]
Position: [-0.0017827578438982935, 0.008830686115357832, 99.63390913953927], Rotation: [0.5040168596079773, 3.499534423953036, 0.9016602365346367], Velocity: [0.12506896336238438, -0.605947487196748, -3.0888499003630008]
Position: [-0.0005320682102744497, 0.002771211243390352, 99.60203964053564], Rotation: [0.5217569296079773, 3.479320733953036, 0.9016602365346367], Velocity: [0.1415063428292702, -0.6857193596792401, -3.2263512004343884]
Position: [0.0008829952180182522, -0.004085982353402049, 99.56879512853129], Rotation: [0.5394969996079773, 3.4591070439530363, 0.9016602365346367], Velocity: [0.157943722296156, -0.7654912321617323, -3.363852500505776]
Position: [0.002462432440979812, -0.011740894675019372, 99.53417560352624], Rotation: [0.5572370696079773, 3.4388933539530364, 0.9016602365346367], Velocity: [0.1743811017630418, -0.8452631046442245, -3.5013538005771636]
Position: [0.00420624345861023, -0.020193525721461617, 99.49818106552047], Rotation: [0.5749771396079773, 3.4186796639530366, 0.9016602365346367], Velocity: [0.19081848122992762, -0.9250349771267167, -3.638855100648551]
Position: [0.0061144282709095065, -0.029443875492728783, 99.46081151451398], Rotation: [0.5927172096079772, 3.3984659739530367, 0.9016602365346367], Velocity: [0.20725586069681343, -1.0048068496092089, -3.776356400719939]
Position: [0.00818698687787764, -0.039491943988820874, 99.42206695050677], Rotation: [0.6104572796079772, 3.378252283953037, 0.9016602365346367], Velocity: [0.22369324016369924, -1.084578722091701, -3.9138577007913264]
Position: [0.010423919279514634, -0.05033773120973788, 99.38194737349886], Rotation: [0.6281973496079772, 3.358038593953037, 0.9016602365346367], Velocity: [0.24013061963058505, -1.164350594574193, -4.051359000862714]
Position: [0.012825225475820485, -0.06198123715547981, 99.34045278349024], Rotation: [0.6459374196079772, 3.337824903953037, 0.9016602365346367], Velocity: [0.25656799909747086, -1.244122467056685, -4.188860300934102]
Position: [0.015390905466795193, -0.07442246182604666, 99.2975831804809], Rotation: [0.6636774896079772, 3.3176112139530374, 0.9016602365346367], Velocity: [0.27300537856435664, -1.3238943395391771, -4.326361601005489]
Position: [0.01812095925243876, -0.08766140522143842, 99.25333856447084], Rotation: [0.6814175596079772, 3.2973975239530375, 0.9016602365346367], Velocity: [0.2894427580312424, -1.4036662120216692, -4.463862901076877]
Position: [0.021015386832751184, -0.10169806734165511, 99.20771893546006], Rotation: [0.6991576296079772, 3.2771838339530377, 0.9016602365346367], Velocity: [0.3058801374981282, -1.4834380845041613, -4.6013642011482645]
Position: [0.024074188207732466, -0.11653244818669672, 99.16072429344858], Rotation: [0.7168976996079772, 3.256970143953038, 0.9016602365346367], Velocity: [0.322317516965014, -1.5632099569866533, -4.738865501219652]
Position: [0.027297363377382606, -0.13216454775656325, 99.11235463843639], Rotation: [0.7346377696079772, 3.236756453953038, 0.9016602365346367], Velocity: [0.33875489643189977, -1.6429818294691454, -4.87636680129104]
Position: [0.030684912341701603, -0.1485943660512547, 99.06260997042348], Rotation: [0.7523778396079772, 3.216542763953038, 0.9016602365346367], Velocity: [0.35519227589878555, -1.7227537019516375, -5.013868101362427]
Position: [0.03423683510068946, -0.16582190307077108, 99.01149028940985], Rotation: [0.7701179096079772, 3.1963290739530383, 0.9016602365346367], Velocity: [0.37162965536567133, -1.8025255744341295, -5.151369401433815]
Position: [0.03795313165434617, -0.18384715881511238, 98.9589955953955], Rotation: [0.7878579796079772, 3.1761153839530385, 0.9016602365346367], Velocity: [0.3880670348325571, -1.8822974469166216, -5.2888707015052026]
Position: [0.04183380200267174, -0.2026701332842786, 98.90512588838045], Rotation: [0.8055980496079772, 3.1559016939530387, 0.9016602365346367], Velocity: [0.4045044142994429, -1.9620693193991137, -5.42637200157659]
Position: [0.04587884614566617, -0.22229082647826975, 98.84988116836469], Rotation: [0.8233381196079772, 3.135688003953039, 0.9016602365346367], Velocity: [0.4209417937663287, -2.041841191881606, -5.563873301647978]
Position: [0.050088264083329455, -0.2427092383970858, 98.79326143534821], Rotation: [0.8410781896079772, 3.115474313953039, 0.9016602365346367], Velocity: [0.43737917323321446, -2.121613064364098, -5.701374601719365]
Position: [0.0544620558156616, -0.2639253690407268, 98.73526668933103], Rotation: [0.8588259296079772, 3.115870283953039, 0.9016602365346367], Velocity: [0.43701144950412735, -2.119835371865476, -5.753653505963612]
Position: [0.058832170310702876, -0.2851237227593815, 98.67674915427139], Rotation: [0.8765736696079772, 3.116266253953039, 0.9016602365346367], Velocity: [0.43664372577504024, -2.1180576793668537, -5.805932410207859]
Position: [0.06319860756845327, -0.30630429955305005, 98.6177088301693], Rotation: [0.8943214096079772, 3.116662223953039, 0.9016602365346367], Velocity: [0.4362760020459531, -2.1162799868682316, -5.858211314452106]
Position: [0.0675613675889128, -0.32746709942173235, 98.55814571702479], Rotation: [0.9120691496079772, 3.117058193953039, 0.9016602365346367], Velocity: [0.435908278316866, -2.1145022943696095, -5.910490218696353]
Position: [0.07192045037208146, -0.34861212236542843, 98.49805981483782], Rotation: [0.9298168896079773, 3.117454163953039, 0.9016602365346367], Velocity: [0.4355405545877789, -2.1127246018709873, -5.9627691229406]
Position: [0.07627585591795925, -0.3697393683841383, 98.43745112360841], Rotation: [0.9475646296079773, 3.117850133953039, 0.9016602365346367], Velocity: [0.4351728308586918, -2.110946909372365, -6.0150480271848465]
Position: [0.08062758422654617, -0.3908488374778619, 98.37631964333656], Rotation: [0.9653123696079773, 3.118246103953039, 0.9016602365346367], Velocity: [0.4348051071296047, -2.109169216873743, -6.067326931429093]
Position: [0.08497563529784222, -0.41194052964659933, 98.31466537402227], Rotation: [0.9830601096079773, 3.118642073953039, 0.9016602365346367], Velocity: [0.4344373834005176, -2.107391524375121, -6.11960583567334]
Position: [0.0893200091318474, -0.4330144448903505, 98.25248831566553], Rotation: [1.0008078496079773, 3.119038043953039, 0.9016602365346367], Velocity: [0.43406965967143046, -2.1056138318764988, -6.171884739917587]
Position: [0.09366070572856171, -0.45407058320911553, 98.18978846826636], Rotation: [1.0185555896079772, 3.119434013953039, 0.9016602365346367], Velocity: [0.43370193594234335, -2.1038361393778766, -6.224163644161834]
Position: [0.09799772508798514, -0.4751089446028943, 98.12656583182473], Rotation: [1.036303329607977, 3.1198299839530392, 0.9016602365346367], Velocity: [0.43333421221325624, -2.1020584468792545, -6.276442548406081]
Position: [0.1023310672101177, -0.4961295290716869, 98.06282040634068], Rotation: [1.054051069607977, 3.1202259539530393, 0.9016602365346367], Velocity: [0.43296648848416913, -2.1002807543806323, -6.328721452650328]
Position: [0.1066607320949594, -0.5171323366154932, 97.99855219181417], Rotation: [1.071798809607977, 3.1206219239530393, 0.9016602365346367], Velocity: [0.432598764755082, -2.09850306188201, -6.381000356894575]
Position: [0.11098671974251022, -0.5381173672343132, 97.93376118824523], Rotation: [1.0895465496079768, 3.1210178939530393, 0.9016602365346367], Velocity: [0.4322310410259949, -2.096725369383388, -6.433279261138821]
Position: [0.11530903015277016, -0.5590846209281471, 97.86844739563384], Rotation: [1.1072942896079767, 3.1214138639530393, 0.9016602365346367], Velocity: [0.4318633172969078, -2.094947676884766, -6.485558165383068]
Position: [0.11962766332573924, -0.5800340976969948, 97.80261081398001], Rotation: [1.1250420296079766, 3.1218098339530393, 0.9016602365346367], Velocity: [0.4314955935678207, -2.0931699843861438, -6.537837069627315]
Position: [0.12394261926141745, -0.6009657975408562, 97.73625144328373], Rotation: [1.1427897696079765, 3.1222058039530394, 0.9016602365346367], Velocity: [0.4311278698387336, -2.0913922918875216, -6.590115973871562]
Position: [0.1282538979598048, -0.6218797204597314, 97.66936928354502], Rotation: [1.1605375096079764, 3.1226017739530394, 0.9016602365346367], Velocity: [0.43076014610964647, -2.0896145993888995, -6.642394878115809]
Position: [0.13256149942090126, -0.6427758664536204, 97.60196433476386], Rotation: [1.1782852496079763, 3.1229977439530394, 0.9016602365346367], Velocity: [0.43039242238055936, -2.0878369068902773, -6.694673782360056]
Position: [0.13686542364470686, -0.6636542355225231, 97.53403659694027], Rotation: [1.1960329896079762, 3.1233937139530394, 0.9016602365346367], Velocity: [0.43002469865147225, -2.086059214391655, -6.746952686604303]
Position: [0.14116567063122157, -0.6845148276664397, 97.46558607007422], Rotation: [1.2137807296079761, 3.1237896839530395, 0.9016602365346367], Velocity: [0.42965697492238514, -2.084281521893033, -6.7992315908485494]
Position: [0.14546224038044542, -0.70535764288537, 97.39661275416574], Rotation: [1.231528469607976, 3.1241856539530395, 0.9016602365346367], Velocity: [0.429289251193298, -2.082503829394411, -6.851510495092796]
Position: [0.1497551328923784, -0.7261826811793141, 97.32711664921482], Rotation: [1.249276209607976, 3.1245816239530395, 0.9016602365346367], Velocity: [0.4289215274642109, -2.080726136895789, -6.903789399337043]
Position: [0.1540443481670205, -0.746989942548272, 97.25709775522145], Rotation: [1.2670239496079758, 3.1249775939530395, 0.9016602365346367], Velocity: [0.4285538037351238, -2.0789484443971666, -6.95606830358129]
Position: [0.15832988620437174, -0.7677794269922437, 97.18655607218564], Rotation: [1.2847716896079757, 3.1253735639530396, 0.9016602365346367], Velocity: [0.4281860800060367, -2.0771707518985445, -7.008347207825537]
Position: [0.16261174700443212, -0.7885511345112292, 97.11549160010739], Rotation: [1.3025194296079756, 3.1257695339530396, 0.9016602365346367], Velocity: [0.4278183562769496, -2.0753930593999224, -7.060626112069784]
Position: [0.1668899305672016, -0.8093050651052284, 97.04390433898669], Rotation: [1.3202671696079755, 3.1261655039530396, 0.9016602365346367], Velocity: [0.4274506325478625, -2.0736153669013, -7.112905016314031]
Position: [0.17116443689268024, -0.8300412187742414, 96.97179428882355], Rotation: [1.3380149096079754, 3.1265614739530396, 0.9016602365346367], Velocity: [0.42708290881877536, -2.071837674402678, -7.1651839205582775]
Position: [0.175435265980868, -0.8507595955182682, 96.89916144961796], Rotation: [1.3557626496079753, 3.1269574439530397, 0.9016602365346367], Velocity: [0.42671518508968825, -2.070059981904056, -7.217462824802524]
Position: [0.17970241783176488, -0.8714601953373088, 96.82600582136993], Rotation: [1.3735103896079752, 3.1273534139530397, 0.9016602365346367], Velocity: [0.42634746136060114, -2.068282289405434, -7.269741729046771]
Position: [0.1839658924453709, -0.8921430182313631, 96.75232740407947], Rotation: [1.3912581296079751, 3.1277493839530397, 0.9016602365346367], Velocity: [0.42597973763151403, -2.0665045969068117, -7.322020633291018]
Position: [0.18822568982168603, -0.9128080642004313, 96.67812619774655], Rotation: [1.409005869607975, 3.1281453539530397, 0.9016602365346367], Velocity: [0.4256120139024269, -2.0647269044081895, -7.374299537535265]
Position: [0.1924818099607103, -0.9334553332445131, 96.6034022023712], Rotation: [1.426759359607975, 3.14915290395304, 0.9016602365346367], Velocity: [0.4253953064100467, -2.06368230035911, -7.473024561359498]
Position: [0.19673576302481077, -0.9540921562481043, 96.52769095675761], Rotation: [1.444512849607975, 3.17016045395304, 0.9016602365346367], Velocity: [0.42517859891766646, -2.0626376963100306, -7.571749585183731]
Position: [0.20098754901398744, -0.9747185332112046, 96.45099246090577], Rotation: [1.4622663396079751, 3.1911680039530403, 0.9016602365346367], Velocity: [0.42496189142528623, -2.061593092260951, -7.6704746090079645]
Position: [0.2052371679282403, -0.9953344641338141, 96.37330671481568], Rotation: [1.4800198296079752, 3.2121755539530406, 0.9016602365346367], Velocity: [0.424745183932906, -2.0605484882118716, -7.769199632832198]
Position: [0.20948461976756935, -1.0159399490159329, 96.29463371848736], Rotation: [1.4977733196079752, 3.2331831039530408, 0.9016602365346367], Velocity: [0.42452847644052577, -2.059503884162792, -7.867924656656431]
Position: [0.2137299045319746, -1.0365349878575607, 96.2149734719208], Rotation: [1.5155268096079753, 3.254190653953041, 0.9016602365346367], Velocity: [0.42431176894814554, -2.0584592801137127, -7.966649680480664]
Position: [0.21797302222145606, -1.057119580658698, 96.134325975116], Rotation: [1.5332802996079753, 3.275198203953041, 0.9016602365346367], Velocity: [0.4240950614557653, -2.0574146760646332, -8.065374704304897]
Position: [0.2222139728360137, -1.0776937274193443, 96.05269122807294], Rotation: [1.5510337896079753, 3.2962057539530414, 0.9016602365346367], Velocity: [0.4238783539633851, -2.0563700720155538, -8.16409972812913]
Position: [0.22645275637564757, -1.0982574281395, 95.97006923079165], Rotation: [1.5687872796079754, 3.3172133039530416, 0.9016602365346367], Velocity: [0.42366164647100485, -2.0553254679664743, -8.262824751953364]
Position: [0.23068937284035762, -1.1188106828191646, 95.88645998327212], Rotation: [1.5865407696079754, 3.338220853953042, 0.9016602365346367], Velocity: [0.4234449389786246, -2.054280863917395, -8.361549775777597]
Position: [0.23492382223014385, -1.1393534914583385, 95.80186348551435], Rotation: [1.6042942596079754, 3.359228403953042, 0.9016602365346367], Velocity: [0.4232282314862444, -2.0532362598683154, -8.46027479960183]
Position: [0.2391561045450063, -1.1598858540570216, 95.71627973751833], Rotation: [1.6220477496079755, 3.380235953953042, 0.9016602365346367], Velocity: [0.42301152399386416, -2.052191655819236, -8.558999823426063]
Position: [0.24338621978494493, -1.180407770615214, 95.62970873928407], Rotation: [1.6398012396079755, 3.4012435039530424, 0.9016602365346367], Velocity: [0.4227948165014839, -2.0511470517701564, -8.657724847250297]
Position: [0.24761416794995977, -1.2009192411329157, 95.54215049081157], Rotation: [1.6575547296079756, 3.4222510539530426, 0.9016602365346367], Velocity: [0.4225781090091037, -2.050102447721077, -8.75644987107453]
Position: [0.2518399490400508, -1.2214202656101265, 95.45360499210082], Rotation: [1.6753082196079756, 3.443258603953043, 0.9016602365346367], Velocity: [0.42236140151672347, -2.0490578436719975, -8.855174894898763]
Position: [0.25606356305521805, -1.2419108440468465, 95.36407224315184], Rotation: [1.6930617096079756, 3.464266153953043, 0.9016602365346367], Velocity: [0.42214469402434324, -2.048013239622918, -8.953899918722996]
Position: [0.2602850099954615, -1.2623909764430756, 95.2735522439646], Rotation: [1.7108151996079757, 3.4852737039530433, 0.9016602365346367], Velocity: [0.421927986531963, -2.0469686355738386, -9.05262494254723]
Position: [0.2645042898607811, -1.282860662798814, 95.18204499453913], Rotation: [1.7285686896079757, 3.5062812539530435, 0.9016602365346367], Velocity: [0.4217112790395828, -2.045924031524759, -9.151349966371463]
Position: [0.26872140265117694, -1.3033199031140614, 95.08955049487541], Rotation: [1.7463221796079758, 3.5272888039530437, 0.9016602365346367], Velocity: [0.42149457154720255, -2.0448794274756796, -9.250074990195696]
Position: [0.272936348366649, -1.3237686973888183, 94.99606874497346], Rotation: [1.7640756696079758, 3.548296353953044, 0.9016602365346367], Velocity: [0.4212778640548223, -2.0438348234266, -9.348800014019929]
Position: [0.2771491270071972, -1.3442070456230844, 94.90159974483326], Rotation: [1.7818291596079758, 3.569303903953044, 0.9016602365346367], Velocity: [0.4210611565624421, -2.0427902193775207, -9.447525037844162]
Position: [0.2813597385728216, -1.3646349478168596, 94.80614349445482], Rotation: [1.7995826496079759, 3.5903114539530443, 0.9016602365346367], Velocity: [0.42084444907006185, -2.0417456153284412, -9.546250061668395]
Position: [0.2855681830635222, -1.385052403970144, 94.70969999383813], Rotation: [1.817336139607976, 3.6113190039530445, 0.9016602365346367], Velocity: [0.4206277415776816, -2.0407010112793618, -9.644975085492629]
Position: [0.28977446047929906, -1.4054594140829375, 94.6122692429832], Rotation: [1.835089629607976, 3.6323265539530447, 0.9016602365346367], Velocity: [0.4204110340853014, -2.0396564072302823, -9.743700109316862]
Position: [0.29397857082015205, -1.4258559781552402, 94.51385124189004], Rotation: [1.852843119607976, 3.653334103953045, 0.9016602365346367], Velocity: [0.42019432659292116, -2.038611803181203, -9.842425133141095]
Position: [0.29818051408608126, -1.4462420961870524, 94.41444599055863], Rotation: [1.870596609607976, 3.674341653953045, 0.9016602365346367], Velocity: [0.41997761910054093, -2.0375671991321234, -9.941150156965328]
Position: [0.3023802902770867, -1.4666177681783736, 94.31405348898898], Rotation: [1.888350099607976, 3.6953492039530453, 0.9016602365346367], Velocity: [0.4197609116081607, -2.036522595083044, -10.039875180789561]
Position: [0.30657789939316826, -1.486982994129204, 94.21267373718108], Rotation: [1.906103589607976, 3.7163567539530455, 0.9016602365346367], Velocity: [0.4195442041157805, -2.0354779910339644, -10.138600204613795]
Position: [0.31077334143432606, -1.5073377740395437, 94.11030673513494], Rotation: [1.9238570796079761, 3.7373643039530458, 0.9016602365346367], Velocity: [0.41932749662340024, -2.034433386984885, -10.237325228438028]
Position: [0.31496661640056006, -1.5276821079093925, 94.00695248285056], Rotation: [1.9416105696079762, 3.758371853953046, 0.9016602365346367], Velocity: [0.41911078913102, -2.0333887829358055, -10.336050252262261]
Position: [0.3191577242918703, -1.5480159957387505, 93.90261098032794], Rotation: [1.9593640596079762, 3.779379403953046, 0.9016602365346367], Velocity: [0.4188940816386398, -2.032344178886726, -10.434775276086494]
Position: [0.32334666510825666, -1.5683394375276178, 93.79728222756707], Rotation: [1.9771175496079763, 3.8003869539530464, 0.9016602365346367], Velocity: [0.41867737414625955, -2.0312995748376466, -10.533500299910727]
Position: [0.32753343884971925, -1.5886524332759944, 93.69096622456796], Rotation: [1.9948767996079761, 3.7791703939530463, 0.9016602365346367], Velocity: [0.4281744858882545, -2.0769466833369323, -10.66024126507921]
Position: [0.3318151837086018, -1.6094219001093637, 93.58338281191716], Rotation: [2.012636049607976, 3.7579538339530463, 0.9016602365346367], Velocity: [0.4376715976302495, -2.122593791836218, -10.786982230247691]
Position: [0.3361918996849043, -1.6306478380277258, 93.47453198961469], Rotation: [2.030395299607976, 3.7367372739530462, 0.9016602365346367], Velocity: [0.44716870937224446, -2.168240900335504, -10.913723195416173]
Position: [0.34066358677862674, -1.6523302470310808, 93.36441375766053], Rotation: [2.0481545496079763, 3.715520713953046, 0.9016602365346367], Velocity: [0.4566658211142394, -2.2138880088347896, -11.040464160584655]
Position: [0.3452302449897691, -1.6744691271194287, 93.25302811605468], Rotation: [2.0659137996079764, 3.694304153953046, 0.9016602365346367], Velocity: [0.4661629328562344, -2.2595351173340754, -11.167205125753137]
Position: [0.34989187431833146, -1.6970644782927695, 93.14037506479715], Rotation: [2.0836730496079765, 3.673087593953046, 0.9016602365346367], Velocity: [0.47566004459822936, -2.305182225833361, -11.293946090921619]
Position: [0.35464847476431377, -1.720116300551103, 93.02645460388794], Rotation: [2.1014322996079766, 3.651871033953046, 0.9016602365346367], Velocity: [0.4851571563402243, -2.350829334332647, -11.4206870560901]
Position: [0.35950004632771604, -1.7436245938944295, 92.91126673332704], Rotation: [2.1191915496079767, 3.630654473953046, 0.9016602365346367], Velocity: [0.4946542680822193, -2.3964764428319327, -11.547428021258582]
Position: [0.3644465890085382, -1.7675893583227489, 92.79481145311445], Rotation: [2.136950799607977, 3.609437913953046, 0.9016602365346367], Velocity: [0.5041513798242143, -2.4421235513312185, -11.674168986427064]
Position: [0.36948810280678035, -1.792010593836061, 92.67708876325018], Rotation: [2.154710049607977, 3.588221353953046, 0.9016602365346367], Velocity: [0.5136484915662093, -2.4877706598305043, -11.800909951595546]
Position: [0.37462458772244245, -1.816888300434366, 92.55809866373423], Rotation: [2.172469299607977, 3.567004793953046, 0.9016602365346367], Velocity: [0.5231456033082043, -2.53341776832979, -11.927650916764028]
Position: [0.3798560437555245, -1.842222478117664, 92.43784115456658], Rotation: [2.190228549607977, 3.5457882339530458, 0.9016602365346367], Velocity: [0.5326427150501992, -2.579064876829076, -12.05439188193251]
Position: [0.3851824709060265, -1.8680131268859548, 92.31631623574727], Rotation: [2.2079877996079773, 3.5245716739530457, 0.9016602365346367], Velocity: [0.5421398267921942, -2.6247119853283616, -12.181132847100992]
Position: [0.3906038691739484, -1.8942602467392384, 92.19352390727626], Rotation: [2.2257470496079774, 3.5033551139530457, 0.9016602365346367], Velocity: [0.5516369385341892, -2.6703590938276474, -12.307873812269474]
Position: [0.3961202385592903, -1.9209638376775149, 92.06946416915356], Rotation: [2.2435062996079775, 3.4821385539530456, 0.9016602365346367], Velocity: [0.5611340502761841, -2.716006202326933, -12.434614777437956]
Position: [0.40173157906205215, -1.9481238997007841, 91.94413702137918], Rotation: [2.2612655496079777, 3.4609219939530456, 0.9016602365346367], Velocity: [0.5706311620181791, -2.761653310826219, -12.561355742606438]
Position: [0.40743789068223396, -1.9757404328090464, 91.81754246395312], Rotation: [2.2790247996079778, 3.4397054339530455, 0.9016602365346367], Velocity: [0.5801282737601741, -2.8073004193255047, -12.68809670777492]
Position: [0.4132391734198357, -2.0038134370023015, 91.68968049687537], Rotation: [2.296784049607978, 3.4184888739530455, 0.9016602365346367], Velocity: [0.589625385502169, -2.8529475278247904, -12.814837672943401]
Position: [0.41913542727485736, -2.0323429122805496, 91.56055112014593], Rotation: [2.314543299607978, 3.3972723139530454, 0.9016602365346367], Velocity: [0.599122497244164, -2.898594636324076, -12.941578638111883]
Position: [0.425126652247299, -2.0613288586437903, 91.43015433376482], Rotation: [2.332302549607978, 3.3760557539530454, 0.9016602365346367], Velocity: [0.608619608986159, -2.944241744823362, -13.068319603280365]
Position: [0.4312128483371606, -2.090771276092024, 91.29849013773202], Rotation: [2.3500617996079782, 3.3548391939530453, 0.9016602365346367], Velocity: [0.6181167207281539, -2.9898888533226478, -13.195060568448847]
Position: [0.4373940155444421, -2.1206701646252504, 91.16555853204753], Rotation: [2.3678210496079783, 3.3336226339530453, 0.9016602365346367], Velocity: [0.6276138324701489, -3.0355359618219335, -13.321801533617329]
Position: [0.4436701538691436, -2.1510255242434697, 91.03135951671135], Rotation: [2.3855802996079785, 3.312406073953045, 0.9016602365346367], Velocity: [0.6371109442121439, -3.0811830703212193, -13.44854249878581]
Position: [0.45004126331126504, -2.181837354946682, 90.8958930917235], Rotation: [2.4033395496079786, 3.291189513953045, 0.9016602365346367], Velocity: [0.6466080559541388, -3.126830178820505, -13.575283463954293]
Position: [0.45650734387080644, -2.213105656734887, 90.75915925708395], Rotation: [2.4210987996079787, 3.269972953953045, 0.9016602365346367], Velocity: [0.6561051676961338, -3.172477287319791, -13.702024429122774]
Position: [0.4630683955477678, -2.244830429608085, 90.62115801279272], Rotation: [2.438858049607979, 3.248756393953045, 0.9016602365346367], Velocity: [0.6656022794381288, -3.2181243958190766, -13.828765394291256]
Position: [0.46972441834214906, -2.2770116735662755, 90.48188935884981], Rotation: [2.456617299607979, 3.227539833953045, 0.9016602365346367], Velocity: [0.6750993911801237, -3.2637715043183624, -13.955506359459738]
Position: [0.4764754122539503, -2.309649388609459, 90.34135329525522], Rotation: [2.474376549607979, 3.206323273953045, 0.9016602365346367], Velocity: [0.6845965029221187, -3.309418612817648, -14.08224732462822]
Position: [0.4833213772831715, -2.3427435747376357, 90.19954982200893], Rotation: [2.492135799607979, 3.185106713953045, 0.9016602365346367], Velocity: [0.6940936146641137, -3.355065721316934, -14.208988289796702]
Position: [0.49026231342981264, -2.376294231950805, 90.05647893911096], Rotation: [2.5098950496079793, 3.163890153953045, 0.9016602365346367], Velocity: [0.7035907264061086, -3.4007128298162197, -14.335729254965184]
Position: [0.49729822069387375, -2.410301360248967, 89.91214064656131], Rotation: [2.5276542996079794, 3.142673593953045, 0.9016602365346367], Velocity: [0.7130878381481036, -3.4463599383155055, -14.462470220133666]
Position: [0.5044290990753548, -2.4447649596321224, 89.76653494435998], Rotation: [2.545419299607979, 3.142068613953045, 0.9016602365346367], Velocity: [0.7132125841091478, -3.4469577957837783, -14.550487440940524]
Position: [0.5115612249164463, -2.47923453758996, 89.62004906995057], Rotation: [2.563184299607979, 3.141463633953045, 0.9016602365346367], Velocity: [0.713337330070192, -3.447555653252051, -14.638504661747382]
Position: [0.5186945982171483, -2.5137100941224806, 89.47268302333309], Rotation: [2.580949299607979, 3.140858653953045, 0.9016602365346367], Velocity: [0.7134620760312361, -3.448153510720324, -14.72652188255424]
Position: [0.5258292189774606, -2.548191629229684, 89.32443680450754], Rotation: [2.5987142996079786, 3.1402536739530453, 0.9016602365346367], Velocity: [0.7135868219922803, -3.4487513681885966, -14.814539103361097]
Position: [0.5329650871973834, -2.58267914291157, 89.17531041347394], Rotation: [2.6164792996079784, 3.1396486939530455, 0.9016602365346367], Velocity: [0.7137115679533245, -3.4493492256568694, -14.902556324167955]
Position: [0.5401022028769167, -2.6171726351681386, 89.02530385023226], Rotation: [2.6342442996079782, 3.1390437139530456, 0.9016602365346367], Velocity: [0.7138363139143686, -3.449947083125142, -14.990573544974813]
Position: [0.5472405660160604, -2.65167210599939, 88.87441711478252], Rotation: [2.652009299607978, 3.1384387339530457, 0.9016602365346367], Velocity: [0.7139610598754128, -3.450544940593415, -15.078590765781671]
Position: [0.5543801766148145, -2.686177555405324, 88.7226502071247], Rotation: [2.669774299607978, 3.137833753953046, 0.9016602365346367], Velocity: [0.714085805836457, -3.4511427980616878, -15.166607986588529]
Position: [0.5615210346731792, -2.720688983385941, 88.57000312725881], Rotation: [2.6875392996079777, 3.137228773953046, 0.9016602365346367], Velocity: [0.7142105517975011, -3.4517406555299606, -15.254625207395387]
Position: [0.5686631401911542, -2.755206389941241, 88.41647587518486], Rotation: [2.7053042996079775, 3.136623793953046, 0.9016602365346367], Velocity: [0.7143352977585453, -3.4523385129982334, -15.342642428202245]
Position: [0.5758064931687397, -2.789729775071223, 88.26206845090283], Rotation: [2.7230692996079773, 3.1360188139530463, 0.9016602365346367], Velocity: [0.7144600437195895, -3.452936370466506, -15.430659649009103]
Position: [0.5829510936059356, -2.824259138775888, 88.10678085441273], Rotation: [2.740834299607977, 3.1354138339530464, 0.9016602365346367], Velocity: [0.7145847896806337, -3.453534227934779, -15.51867686981596]
Position: [0.590096941502742, -2.858794481055236, 87.95061308571458], Rotation: [2.758599299607977, 3.1348088539530465, 0.9016602365346367], Velocity: [0.7147095356416778, -3.4541320854030517, -15.606694090622819]
Position: [0.5972440368591587, -2.8933358019092665, 87.79356514480835], Rotation: [2.7763642996079767, 3.1342038739530467, 0.9016602365346367], Velocity: [0.714834281602722, -3.4547299428713245, -15.694711311429677]
Position: [0.604392379675186, -2.92788310133798, 87.63563703169406], Rotation: [2.7941292996079765, 3.133598893953047, 0.9016602365346367], Velocity: [0.7149590275637662, -3.4553278003395973, -15.782728532236534]
Position: [0.6115419699508237, -2.962436379341376, 87.4768287463717], Rotation: [2.8118942996079763, 3.132993913953047, 0.9016602365346367], Velocity: [0.7150837735248103, -3.45592565780787, -15.870745753043392]
Position: [0.6186928076860717, -2.9969956359194545, 87.31714028884126], Rotation: [2.829659299607976, 3.132388933953047, 0.9016602365346367], Velocity: [0.7152085194858545, -3.456523515276143, -15.95876297385025]
Position: [0.6258448928809303, -3.031560871072216, 87.15657165910275], Rotation: [2.847424299607976, 3.131783953953047, 0.9016602365346367], Velocity: [0.7153332654468987, -3.4571213727444157, -16.046780194657106]
Position: [0.6329982255353992, -3.0661320847996603, 86.99512285715618], Rotation: [2.8651892996079757, 3.1311789739530473, 0.9016602365346367], Velocity: [0.7154580114079429, -3.4577192302126885, -16.134797415463964]
Position: [0.6401528056494786, -3.100709277101787, 86.83279388300154], Rotation: [2.8829542996079756, 3.1305739939530475, 0.9016602365346367], Velocity: [0.715582757368987, -3.4583170876809612, -16.222814636270822]
Position: [0.6473086332231685, -3.1352924479785966, 86.66958473663884], Rotation: [2.9007192996079754, 3.1299690139530476, 0.9016602365346367], Velocity: [0.7157075033300312, -3.458914945149234, -16.31083185707768]
Position: [0.6544657082564688, -3.169881597430089, 86.50549541806807], Rotation: [2.918484299607975, 3.1293640339530477, 0.9016602365346367], Velocity: [0.7158322492910754, -3.459512802617507, -16.398849077884538]
Position: [0.6616240307493795, -3.204476725456264, 86.34052592728922], Rotation: [2.936249299607975, 3.128759053953048, 0.9016602365346367], Velocity: [0.7159569952521195, -3.4601106600857796, -16.486866298691396]
Position: [0.6687836007019007, -3.239077832057122, 86.1746762643023], Rotation: [2.954014299607975, 3.128154073953048, 0.9016602365346367], Velocity: [0.7160817412131637, -3.4607085175540524, -16.574883519498254]
Position: [0.6759444181140323, -3.2736849172326625, 86.00794642910732], Rotation: [2.9717792996079746, 3.127549093953048, 0.9016602365346367], Velocity: [0.7162064871742079, -3.461306375022325, -16.662900740305112]
Position: [0.6831064829857744, -3.3082979809828856, 85.84033642170427], Rotation: [2.9895442996079744, 3.1269441139530483, 0.9016602365346367], Velocity: [0.716331233135252, -3.461904232490598, -16.75091796111197]
Position: [0.6902697953171268, -3.3429170233077916, 85.67184624209314], Rotation: [3.007309299607974, 3.1263391339530484, 0.9016602365346367], Velocity: [0.7164559790962962, -3.4625020899588708, -16.838935181918828]
Position: [0.6974343551080898, -3.3775420442073805, 85.50247589027396], Rotation: [3.025074299607974, 3.1257341539530485, 0.9016602365346367], Velocity: [0.7165807250573404, -3.4630999474271436, -16.926952402725686]
Position: [0.7046001623586632, -3.4121730436816518, 85.3322253662467], Rotation: [3.042839299607974, 3.1251291739530487, 0.9016602365346367], Velocity: [0.7167054710183846, -3.4636978048954163, -17.014969623532544]
Position: [0.711767217068847, -3.446810021730606, 85.16109467001138], Rotation: [3.0606042996079736, 3.124524193953049, 0.9016602365346367], Velocity: [0.7168302169794287, -3.464295662363689, -17.1029868443394]
Position: [0.7189355192386413, -3.481452978354243, 84.98908380156799], Rotation: [3.0783692996079735, 3.123919213953049, 0.9016602365346367], Velocity: [0.7169549629404729, -3.464893519831962, -17.19100406514626]
Position: [0.726105068868046, -3.5161019135525624, 84.81619276091652], Rotation: [3.0961342996079733, 3.123314233953049, 0.9016602365346367], Velocity: [0.7170797089015171, -3.4654913773002347, -17.279021285953117]
Position: [0.7332758659570612, -3.5507568273255647, 84.64242154805699], Rotation: [3.113906969607973, 3.143318913953049, 0.9016602365346367], Velocity: [0.7052294711575906, -3.408914989906117, -17.403608501450563]
Position: [0.740328160668637, -3.5848459772246257, 84.46740446304248], Rotation: [3.131679639607973, 3.163323593953049, 0.9016602365346367], Velocity: [0.6933792334136641, -3.352338602511999, -17.52819571694801]
Position: [0.7472619530027736, -3.618369363249746, 84.291141505873], Rotation: [3.1494523096079727, 3.183328273953049, 0.9016602365346367], Velocity: [0.6815289956697377, -3.295762215117881, -17.652782932445454]
Position: [0.754077242959471, -3.6513269854009245, 84.11363267654855], Rotation: [3.1672249796079726, 3.203332953953049, 0.9016602365346367], Velocity: [0.6696787579258112, -3.2391858277237633, -17.7773701479429]
Position: [0.760774030538729, -3.6837188436781623, 83.93487797506911], Rotation: [3.1849976496079724, 3.223337633953049, 0.9016602365346367], Velocity: [0.6578285201818848, -3.1826094403296454, -17.901957363440346]
Position: [0.7673523157405479, -3.7155449380814587, 83.75487740143471], Rotation: [3.202770319607972, 3.243342313953049, 0.9016602365346367], Velocity: [0.6459782824379583, -3.1260330529355276, -18.02654457893779]
Position: [0.7738120985649274, -3.7468052686108138, 83.57363095564533], Rotation: [3.220542989607972, 3.263346993953049, 0.9016602365346367], Velocity: [0.6341280446940318, -3.0694566655414097, -18.151131794435237]
Position: [0.7801533790118677, -3.777499835266228, 83.39113863770098], Rotation: [3.238315659607972, 3.283351673953049, 0.9016602365346367], Velocity: [0.6222778069501054, -3.012880278147292, -18.275719009932683]
Position: [0.7863761570813687, -3.8076286380477007, 83.20740044760164], Rotation: [3.2560883296079717, 3.303356353953049, 0.9016602365346367], Velocity: [0.6104275692061789, -2.956303890753174, -18.40030622543013]
Position: [0.7924804327734305, -3.8371916769552326, 83.02241638534734], Rotation: [3.2738609996079715, 3.323361033953049, 0.9016602365346367], Velocity: [0.5985773314622524, -2.899727503359056, -18.524893440927574]
Position: [0.7984662060880531, -3.866188951988823, 82.83618645093807], Rotation: [3.2916336696079713, 3.343365713953049, 0.9016602365346367], Velocity: [0.586727093718326, -2.8431511159649383, -18.64948065642502]
Position: [0.8043334770252364, -3.8946204631484727, 82.64871064437382], Rotation: [3.309406339607971, 3.363370393953049, 0.9016602365346367], Velocity: [0.5748768559743995, -2.7865747285708204, -18.774067871922465]
Position: [0.8100822455849804, -3.922486210434181, 82.4599889656546], Rotation: [3.327179009607971, 3.383375073953049, 0.9016602365346367], Velocity: [0.5630266182304731, -2.7299983411767026, -18.89865508741991]
Position: [0.8157125117672852, -3.9497861938459478, 82.2700214147804], Rotation: [3.344951679607971, 3.403379753953049, 0.9016602365346367], Velocity: [0.5511763804865466, -2.6734219537825847, -19.023242302917357]
Position: [0.8212242755721507, -3.9765204133837737, 82.07880799175123], Rotation: [3.3627243496079706, 3.423384433953049, 0.9016602365346367], Velocity: [0.5393261427426201, -2.616845566388467, -19.147829518414802]
Position: [0.826617536999577, -4.002688869047659, 81.88634869656708], Rotation: [3.3804970196079704, 3.443389113953049, 0.9016602365346367], Velocity: [0.5274759049986937, -2.560269178994349, -19.272416733912248]
Position: [0.8318922960495639, -4.028291560837602, 81.69264352922796], Rotation: [3.3982696896079703, 3.463393793953049, 0.9016602365346367], Velocity: [0.5156256672547672, -2.503692791600231, -19.397003949409694]
Position: [0.8370485527221116, -4.053328488753604, 81.49769248973386], Rotation: [3.41604235960797, 3.483398473953049, 0.9016602365346367], Velocity: [0.5037754295108408, -2.4471164042061133, -19.52159116490714]
Position: [0.8420863070172201, -4.077799652795665, 81.3014955780848], Rotation: [3.43381502960797, 3.503403153953049, 0.9016602365346367], Velocity: [0.4919251917669143, -2.3905400168119955, -19.646178380404585]
Position: [0.8470055589348893, -4.101705052963785, 81.10405279428075], Rotation: [3.4515876996079697, 3.523407833953049, 0.9016602365346367], Velocity: [0.48007495402298783, -2.3339636294178776, -19.77076559590203]
Position: [0.8518063084751192, -4.125044689257964, 80.90536413832173], Rotation: [3.4693603696079696, 3.543412513953049, 0.9016602365346367], Velocity: [0.46822471627906137, -2.2773872420237598, -19.895352811399476]
Position: [0.8564885556379098, -4.147818561678202, 80.70542961020773], Rotation: [3.4871330396079694, 3.563417193953049, 0.9016602365346367], Velocity: [0.4563744785351349, -2.220810854629642, -20.019940026896922]
Position: [0.8610523004232612, -4.170026670224498, 80.50424920993876], Rotation: [3.504905709607969, 3.583421873953049, 0.9016602365346367], Velocity: [0.44452424079120845, -2.164234467235524, -20.144527242394368]
Position: [0.8654975428311733, -4.191669014896854, 80.30182293751481], Rotation: [3.522678379607969, 3.603426553953049, 0.9016602365346367], Velocity: [0.432674003047282, -2.107658079841406, -20.269114457891813]
Position: [0.8698242828616461, -4.212745595695267, 80.0981507929359], Rotation: [3.540451049607969, 3.623431233953049, 0.9016602365346367], Velocity: [0.4208237653033555, -2.0510816924472883, -20.39370167338926]
Position: [0.8740325205146797, -4.23325641261974, 79.893232776202], Rotation: [3.5582237196079687, 3.643435913953049, 0.9016602365346367], Velocity: [0.40897352755942906, -1.9945053050531707, -20.518288888886705]
Position: [0.878122255790274, -4.253201465670272, 79.68706888731313], Rotation: [3.5759963896079685, 3.663440593953049, 0.9016602365346367], Velocity: [0.3971232898155026, -1.937928917659053, -20.64287610438415]
Position: [0.8820934886884291, -4.272580754846863, 79.47965912626928], Rotation: [3.5937690596079683, 3.683445273953049, 0.9016602365346367], Velocity: [0.38527305207157614, -1.8813525302649354, -20.767463319881596]
Position: [0.8859462192091448, -4.291394280149512, 79.27100349307047], Rotation: [3.611541729607968, 3.703449953953049, 0.9016602365346367], Velocity: [0.3734228143276497, -1.8247761428708178, -20.89205053537904]
Position: [0.8896804473524214, -4.30964204157822, 79.06110198771668], Rotation: [3.629314399607968, 3.723454633953049, 0.9016602365346367], Velocity: [0.3615725765837232, -1.7681997554767002, -21.016637750876487]
Position: [0.8932961731182586, -4.3273240391329875, 78.84995461020792], Rotation: [3.647087069607968, 3.743459313953049, 0.9016602365346367], Velocity: [0.34972233883979675, -1.7116233680825825, -21.141224966373933]
Position: [0.8967933965066566, -4.344440272813813, 78.63756136054418], Rotation: [3.6648597396079676, 3.763463993953049, 0.9016602365346367], Velocity: [0.3378721010958703, -1.655046980688465, -21.26581218187138]
Position: [0.9001721175176153, -4.3609907426206975, 78.42392223872547], Rotation: [3.6826381596079676, 3.741244563953049, 0.9016602365346367], Velocity: [0.3409727203262272, -1.6698079093032183, -21.375405708657176]
Position: [0.9035818447208775, -4.37768882171373, 78.2091871816389], Rotation: [3.7004165796079675, 3.7190251339530493, 0.9016602365346367], Velocity: [0.34407333955658415, -1.6845688379179717, -21.484999235442974]
Position: [0.9070225781164434, -4.394534510092909, 77.99335618928447], Rotation: [3.7181949996079675, 3.6968057039530495, 0.9016602365346367], Velocity: [0.3471739587869411, -1.6993297665327252, -21.59459276222877]
Position: [0.9104943177043128, -4.411527807758237, 77.77642926166219], Rotation: [3.7359734196079675, 3.6745862739530497, 0.9016602365346367], Velocity: [0.350274578017298, -1.7140906951474786, -21.70418628901457]
Position: [0.9139970634844857, -4.428668714709712, 77.55840639877204], Rotation: [3.7537518396079674, 3.65236684395305, 0.9016602365346367], Velocity: [0.3533751972476549, -1.728851623762232, -21.813779815800366]
Position: [0.9175308154569622, -4.445957230947334, 77.33928760061403], Rotation: [3.7715302596079674, 3.63014741395305, 0.9016602365346367], Velocity: [0.35647581647801185, -1.7436125523769854, -21.923373342586164]
Position: [0.9210955736217423, -4.463393356471104, 77.11907286718817], Rotation: [3.7893086796079674, 3.6079279839530503, 0.9016602365346367], Velocity: [0.3595764357083688, -1.7583734809917388, -22.03296686937196]
Position: [0.924691337978826, -4.480977091281021, 76.89776219849445], Rotation: [3.8070870996079673, 3.5857085539530504, 0.9016602365346367], Velocity: [0.3626770549387257, -1.7731344096064923, -22.14256039615776]
Position: [0.9283181085282132, -4.498708435377086, 76.67535559453287], Rotation: [3.8248655196079673, 3.5634891239530506, 0.9016602365346367], Velocity: [0.36577767416908263, -1.7878953382212457, -22.252153922943556]
Position: [0.931975885269904, -4.516587388759299, 76.45185305530345], Rotation: [3.8426439396079672, 3.541269693953051, 0.9016602365346367], Velocity: [0.36887829339943956, -1.802656266835999, -22.361747449729354]
Position: [0.9356646682038985, -4.534613951427659, 76.22725458080615], Rotation: [3.860422359607967, 3.519050263953051, 0.9016602365346367], Velocity: [0.3719789126297965, -1.8174171954507525, -22.47134097651515]
Position: [0.9393844573301965, -4.552788123382166, 76.00156017104099], Rotation: [3.878200779607967, 3.496830833953051, 0.9016602365346367], Velocity: [0.3750795318601534, -1.832178124065506, -22.58093450330095]
Position: [0.943135252648798, -4.571109904622821, 75.77476982600798], Rotation: [3.895979199607967, 3.4746114039530513, 0.9016602365346367], Velocity: [0.37818015109051034, -1.8469390526802594, -22.690528030086746]
Position: [0.9469170541597032, -4.5895792951496235, 75.54688354570712], Rotation: [3.913757619607967, 3.4523919739530515, 0.9016602365346367], Velocity: [0.38128077032086727, -1.8616999812950128, -22.800121556872543]
Position: [0.9507298618629119, -4.608196294962574, 75.3179013301384], Rotation: [3.931536039607967, 3.4301725439530517, 0.9016602365346367], Velocity: [0.3843813895512242, -1.8764609099097662, -22.90971508365834]
Position: [0.9545736757584241, -4.626960904061671, 75.08782317930181], Rotation: [3.949314459607967, 3.407953113953052, 0.9016602365346367], Velocity: [0.3874820087815811, -1.8912218385245196, -23.01930861044414]
Position: [0.9584484958462399, -4.6458731224469165, 74.85664909319736], Rotation: [3.967092879607967, 3.385733683953052, 0.9016602365346367], Velocity: [0.39058262801193805, -1.905982767139273, -23.128902137229936]
Position: [0.9623543221263593, -4.66493295011831, 74.62437907182506], Rotation: [3.984871299607967, 3.3635142539530523, 0.9016602365346367], Velocity: [0.393683247242295, -1.9207436957540265, -23.238495664015733]
Position: [0.9662911545987822, -4.68414038707585, 74.3910131151849], Rotation: [4.002649719607967, 3.3412948239530524, 0.9016602365346367], Velocity: [0.3967838664726519, -1.93550462436878, -23.34808919080153]
Position: [0.9702589932635087, -4.703495433319538, 74.15655122327689], Rotation: [4.020428139607967, 3.3190753939530526, 0.9016602365346367], Velocity: [0.39988448570300883, -1.9502655529835333, -23.45768271758733]
Position: [0.9742578381205388, -4.722998088849373, 73.92099339610103], Rotation: [4.038206559607967, 3.296855963953053, 0.9016602365346367], Velocity: [0.40298510493336576, -1.9650264815982867, -23.567276244373126]
Position: [0.9782876891698724, -4.742648353665356, 73.68433963365729], Rotation: [4.055984979607967, 3.274636533953053, 0.9016602365346367], Velocity: [0.4060857241637227, -1.9797874102130402, -23.676869771158923]
Position: [0.9823485464115096, -4.762446227767486, 73.4465899359457], Rotation: [4.073763399607967, 3.252417103953053, 0.9016602365346367], Velocity: [0.4091863433940796, -1.9945483388277936, -23.78646329794472]
Position: [0.9864404098454503, -4.782391711155764, 73.20774430296625], Rotation: [4.091541819607967, 3.2301976739530534, 0.9016602365346367], Velocity: [0.41228696262443654, -2.0093092674425472, -23.89605682473052]
Position: [0.9905632794716948, -4.80248480383019, 72.96780273471894], Rotation: [4.109320239607967, 3.2079782439530535, 0.9016602365346367], Velocity: [0.41538758185479346, -2.0240701960573007, -24.005650351516316]
Position: [0.9947171552902427, -4.822725505790762, 72.72676523120379], Rotation: [4.127098659607967, 3.1857588139530537, 0.9016602365346367], Velocity: [0.4184882010851504, -2.038831124672054, -24.115243878302113]
Position: [0.9989020373010943, -4.843113817037483, 72.48463179242077], Rotation: [4.144877079607967, 3.163539383953054, 0.9016602365346367], Velocity: [0.4215888203155073, -2.0535920532868075, -24.22483740508791]
Position: [1.0031179255042493, -4.863649737570351, 72.24140241836989], Rotation: [4.1626554996079665, 3.141319953953054, 0.9016602365346367], Velocity: [0.42468943954586424, -2.068352981901561, -24.334430931873708]
Position: [1.0073648198997078, -4.8843332673893665, 71.99707710905115], Rotation: [4.1804339196079665, 3.1191005239530543, 0.9016602365346367], Velocity: [0.42779005877622117, -2.0831139105163143, -24.444024458659506]
Position: [1.01164272048747, -4.90516440649453, 71.75165586446455], Rotation: [4.1982123396079665, 3.0968810939530544, 0.9016602365346367], Velocity: [0.4308906780065781, -2.0978748391310678, -24.553617985445303]
Position: [1.0159516272675357, -4.926143154885841, 71.5051386846101], Rotation: [4.215990759607966, 3.0746616639530546, 0.9016602365346367], Velocity: [0.433991297236935, -2.112635767745821, -24.6632115122311]
Position: [1.020291540239905, -4.947269512563299, 71.2575255694878], Rotation: [4.233769179607966, 3.052442233953055, 0.9016602365346367], Velocity: [0.43709191646729195, -2.1273966963605746, -24.772805039016898]
Position: [1.0246624594045781, -4.968543479526905, 71.00881651909762], Rotation: [4.251553349607966, 3.0508343839530547, 0.9016602365346367], Velocity: [0.4394826463943855, -2.1387456573733017, -24.799393873539326]
Position: [1.029057285868522, -4.989930936100638, 70.75984158036223], Rotation: [4.269337519607966, 3.0492265339530547, 0.9016602365346367], Velocity: [0.44187337632147905, -2.1500946183860288, -24.825982708061755]
Position: [1.033476019631737, -5.011431882284499, 70.51060075328162], Rotation: [4.287121689607965, 3.0476186839530546, 0.9016602365346367], Velocity: [0.4442641062485726, -2.161443579398756, -24.852571542584183]
Position: [1.0379186606942228, -5.033046318078486, 70.26109403785578], Rotation: [4.304905859607965, 3.0460108339530545, 0.9016602365346367], Velocity: [0.44665483617566615, -2.172792540411483, -24.87916037710661]
Position: [1.0423852090559795, -5.0547742434826, 70.01132143408472], Rotation: [4.322690029607965, 3.0444029839530544, 0.9016602365346367], Velocity: [0.4490455661027597, -2.18414150142421, -24.90574921162904]
Position: [1.0468756647170072, -5.076615658496842, 69.76128294196843], Rotation: [4.340474199607964, 3.0427951339530543, 0.9016602365346367], Velocity: [0.45143629602985325, -2.195490462436937, -24.932338046151468]
Position: [1.0513900276773058, -5.0985705631212115, 69.51097856150692], Rotation: [4.358258369607964, 3.0411872839530543, 0.9016602365346367], Velocity: [0.4538270259569468, -2.206839423449664, -24.958926880673896]
Position: [1.0559282979368754, -5.120638957355708, 69.26040829270018], Rotation: [4.376042539607964, 3.039579433953054, 0.9016602365346367], Velocity: [0.45621775588404034, -2.2181883844623913, -24.985515715196325]
Position: [1.0604904754957158, -5.142820841200332, 69.00957213554821], Rotation: [4.393826709607963, 3.037971583953054, 0.9016602365346367], Velocity: [0.4586084858111339, -2.2295373454751184, -25.012104549718753]
Position: [1.0650765603538273, -5.165116214655083, 68.75847009005102], Rotation: [4.411610879607963, 3.036363733953054, 0.9016602365346367], Velocity: [0.46099921573822744, -2.2408863064878455, -25.03869338424118]
Position: [1.0696865525112096, -5.187525077719962, 68.5071021562086], Rotation: [4.429395049607963, 3.034755883953054, 0.9016602365346367], Velocity: [0.463389945665321, -2.2522352675005726, -25.06528221876361]
Position: [1.0743204519678629, -5.210047430394968, 68.25546833402096], Rotation: [4.447179219607962, 3.033148033953054, 0.9016602365346367], Velocity: [0.46578067559241454, -2.2635842285132997, -25.091871053286038]
Position: [1.078978258723787, -5.232683272680101, 68.0035686234881], Rotation: [4.464963389607962, 3.031540183953054, 0.9016602365346367], Velocity: [0.4681714055195081, -2.2749331895260267, -25.118459887808466]
Position: [1.0836599727789822, -5.255432604575361, 67.75140302461003], Rotation: [4.482747559607962, 3.0299323339530537, 0.9016602365346367], Velocity: [0.47056213544660164, -2.286282150538754, -25.145048722330895]
Position: [1.0883655941334482, -5.278295426080748, 67.49897153738672], Rotation: [4.500531729607961, 3.0283244839530536, 0.9016602365346367], Velocity: [0.4729528653736952, -2.297631111551481, -25.171637556853323]
Position: [1.0930951227871852, -5.301271737196263, 67.24627416181819], Rotation: [4.518315899607961, 3.0267166339530536, 0.9016602365346367], Velocity: [0.47534359530078873, -2.308980072564208, -25.19822639137575]
Position: [1.0978485587401932, -5.324361537921905, 66.99331089790444], Rotation: [4.5361000696079605, 3.0251087839530535, 0.9016602365346367], Velocity: [0.4777343252278823, -2.320329033576935, -25.22481522589818]
Position: [1.102625901992472, -5.347564828257674, 66.74008174564545], Rotation: [4.55388423960796, 3.0235009339530534, 0.9016602365346367], Velocity: [0.48012505515497583, -2.331677994589662, -25.251404060420608]
Position: [1.1074271525440218, -5.370881608203571, 66.48658670504125], Rotation: [4.57166840960796, 3.0218930839530533, 0.9016602365346367], Velocity: [0.4825157850820694, -2.3430269556023893, -25.277992894943036]
Position: [1.1122523103948425, -5.394311877759595, 66.23282577609181], Rotation: [4.5894525796079595, 3.0202852339530533, 0.9016602365346367], Velocity: [0.48490651500916293, -2.3543759166151164, -25.304581729465465]
Position: [1.1171013755449342, -5.417855636925746, 65.97879895879716], Rotation: [4.607236749607959, 3.018677383953053, 0.9016602365346367], Velocity: [0.4872972449362565, -2.3657248776278434, -25.331170563987893]
Position: [1.1219743479942967, -5.441512885702025, 65.72450625315727], Rotation: [4.625020919607959, 3.017069533953053, 0.9016602365346367], Velocity: [0.48968797486335003, -2.3770738386405705, -25.35775939851032]
Position: [1.1268712277429302, -5.465283624088431, 65.46994765917216], Rotation: [4.6428050896079585, 3.015461683953053, 0.9016602365346367], Velocity: [0.4920787047904436, -2.3884227996532976, -25.38434823303275]
Position: [1.1317920147908347, -5.489167852084964, 65.21512317684184], Rotation: [4.660589259607958, 3.013853833953053, 0.9016602365346367], Velocity: [0.4944694347175371, -2.3997717606660247, -25.410937067555178]
Position: [1.13673670913801, -5.5131655696916235, 64.9600328061663], Rotation: [4.678373429607958, 3.012245983953053, 0.9016602365346367], Velocity: [0.4968601646446307, -2.411120721678752, -25.437525902077606]
Position: [1.1417053107844564, -5.537276776908411, 64.70467654714552], Rotation: [4.696157599607957, 3.010638133953053, 0.9016602365346367], Velocity: [0.4992508945717242, -2.422469682691479, -25.464114736600035]
Position: [1.1466978197301736, -5.561501473735325, 64.44905439977953], Rotation: [4.713941769607957, 3.0090302839530527, 0.9016602365346367], Velocity: [0.5016416244988178, -2.433818643704206, -25.490703571122463]
Position: [1.1517142359751618, -5.585839660172367, 64.1931663640683], Rotation: [4.731725939607957, 3.0074224339530526, 0.9016602365346367], Velocity: [0.5040323544259113, -2.445167604716933, -25.51729240564489]
Position: [1.1567545595194209, -5.610291336219537, 63.937012440011856], Rotation: [4.749510109607956, 3.0058145839530526, 0.9016602365346367], Velocity: [0.5064230843530049, -2.45651656572966, -25.54388124016732]
Position: [1.1618187903629509, -5.6348565018768335, 63.68059262761018], Rotation: [4.767294279607956, 3.0042067339530525, 0.9016602365346367], Velocity: [0.5088138142800984, -2.4678655267423872, -25.570470074689748]
Position: [1.1669069285057518, -5.659535157144258, 63.42390692686328], Rotation: [4.785078449607956, 3.0025988839530524, 0.9016602365346367], Velocity: [0.511204544207192, -2.4792144877551143, -25.597058909212176]
Position: [1.1720189739478237, -5.684327302021809, 63.16695533777116], Rotation: [4.802870289607956, 3.021600693953052, 0.9016602365346367], Velocity: [0.5057574962813938, -2.4534549413969082, -25.70415920257677]
Position: [1.1770765489106376, -5.7088618514357785, 62.90893274574539], Rotation: [4.820662129607956, 3.040602503953052, 0.9016602365346367], Velocity: [0.5003104483555956, -2.427695395038702, -25.81125949594136]
Position: [1.1820796533941935, -5.733138805386165, 62.64983915078597], Rotation: [4.838453969607956, 3.0596043139530518, 0.9016602365346367], Velocity: [0.49486340042979743, -2.401935848680496, -25.918359789305953]
Position: [1.1870282873984914, -5.75715816387297, 62.38967455289291], Rotation: [4.856245809607956, 3.0786061239530516, 0.9016602365346367], Velocity: [0.4894163525039993, -2.37617630232229, -26.025460082670545]
Position: [1.1919224509235313, -5.780919926896193, 62.128438952066205], Rotation: [4.874037649607956, 3.0976079339530513, 0.9016602365346367], Velocity: [0.48396930457820114, -2.350416755964084, -26.132560376035137]
Position: [1.1967621439693132, -5.804424094455833, 61.866132348305854], Rotation: [4.891829489607956, 3.116609743953051, 0.9016602365346367], Velocity: [0.478522256652403, -2.3246572096058777, -26.23966066939973]
Position: [1.2015473665358374, -5.827670666551892, 61.602754741611854], Rotation: [4.9096213296079565, 3.135611553953051, 0.9016602365346367], Velocity: [0.47307520872660486, -2.2988976632476716, -26.34676096276432]
Position: [1.2062781186231035, -5.850659643184369, 61.33830613198421], Rotation: [4.927413169607957, 3.1546133639530507, 0.9016602365346367], Velocity: [0.4676281608008067, -2.2731381168894655, -26.453861256128913]
Position: [1.2109544002311117, -5.873391024353264, 61.07278651942292], Rotation: [4.945205009607957, 3.1736151739530505, 0.9016602365346367], Velocity: [0.46218111287500857, -2.2473785705312594, -26.560961549493506]
Position: [1.2155762113598618, -5.895864810058577, 60.806195903927986], Rotation: [4.962996849607957, 3.1926169839530503, 0.9016602365346367], Velocity: [0.4567340649492104, -2.2216190241730533, -26.668061842858098]
Position: [1.220143552009354, -5.918081000300307, 60.5385342854994], Rotation: [4.980788689607957, 3.21161879395305, 0.9016602365346367], Velocity: [0.4512870170234123, -2.1958594778148472, -26.77516213622269]
Position: [1.2246564221795881, -5.9400395950784555, 60.26980166413718], Rotation: [4.998580529607957, 3.23062060395305, 0.9016602365346367], Velocity: [0.44583996909761414, -2.170099931456641, -26.882262429587282]
Position: [1.2291148218705643, -5.961740594393022, 59.9999980398413], Rotation: [5.016372369607957, 3.2496224139530496, 0.9016602365346367], Velocity: [0.440392921171816, -2.144340385098435, -26.989362722951874]
Position: [1.2335187510822825, -5.983183998244006, 59.729123412611784], Rotation: [5.034164209607957, 3.2686242239530494, 0.9016602365346367], Velocity: [0.43494587324601786, -2.118580838740229, -27.096463016316466]
Position: [1.2378682098147427, -6.004369806631408, 59.45717778244862], Rotation: [5.051956049607957, 3.287626033953049, 0.9016602365346367], Velocity: [0.4294988253202197, -2.092821292382023, -27.20356330968106]
Position: [1.2421631980679448, -6.025298019555229, 59.18416114935181], Rotation: [5.0697478896079575, 3.306627843953049, 0.9016602365346367], Velocity: [0.42405177739442157, -2.0670617460238168, -27.31066360304565]
Position: [1.246403715841889, -6.045968637015467, 58.91007351332135], Rotation: [5.087539729607958, 3.3256296539530488, 0.9016602365346367], Velocity: [0.4186047294686234, -2.0413021996656107, -27.417763896410243]
Position: [1.2505897631365752, -6.066381659012124, 58.63491487435725], Rotation: [5.105331569607958, 3.3446314639530486, 0.9016602365346367], Velocity: [0.4131576815428253, -2.0155426533074046, -27.524864189774835]
Position: [1.2547213399520034, -6.0865370855451975, 58.3586852324595], Rotation: [5.123123409607958, 3.3636332739530483, 0.9016602365346367], Velocity: [0.40771063361702714, -1.9897831069491987, -27.631964483139427]
Position: [1.2587984462881736, -6.106434916614689, 58.08138458762811], Rotation: [5.140915249607958, 3.382635083953048, 0.9016602365346367], Velocity: [0.402263585691229, -1.9640235605909928, -27.73906477650402]
Position: [1.2628210821450858, -6.126075152220599, 57.803012939863066], Rotation: [5.158707089607958, 3.401636893953048, 0.9016602365346367], Velocity: [0.39681653776543085, -1.938264014232787, -27.84616506986861]
Position: [1.26678924752274, -6.145457792362927, 57.52357028916438], Rotation: [5.176498929607958, 3.4206387039530477, 0.9016602365346367], Velocity: [0.3913694898396327, -1.912504467874581, -27.953265363233204]
Position: [1.2707029424211365, -6.164582837041673, 57.24305663553205], Rotation: [5.194290769607958, 3.4396405139530475, 0.9016602365346367], Velocity: [0.38592244191383457, -1.8867449215163752, -28.060365656597796]
Position: [1.274562166840275, -6.183450286256837, 56.961471978966074], Rotation: [5.212082609607958, 3.4586423239530473, 0.9016602365346367], Velocity: [0.3804753939880364, -1.8609853751581693, -28.167465949962388]
Position: [1.2783669207801553, -6.2020601400084185, 56.67881631946645], Rotation: [5.2298744496079586, 3.477644133953047, 0.9016602365346367], Velocity: [0.3750283460622383, -1.8352258287999634, -28.27456624332698]
Position: [1.2821172042407778, -6.220412398296419, 56.39508965703318], Rotation: [5.247666289607959, 3.496645943953047, 0.9016602365346367], Velocity: [0.36958129813644014, -1.8094662824417576, -28.381666536691572]
Position: [1.2858130172221423, -6.238507061120836, 56.110291991666266], Rotation: [5.265458129607959, 3.5156477539530466, 0.9016602365346367], Velocity: [0.364134250210642, -1.7837067360835517, -28.488766830056164]
Position: [1.2894543597242487, -6.256344128481671, 55.82442332336571], Rotation: [5.283249969607959, 3.5346495639530464, 0.9016602365346367], Velocity: [0.35868720228484385, -1.7579471897253458, -28.595867123420756]
Position: [1.2930412317470972, -6.273923600378924, 55.5374836521315], Rotation: [5.301041809607959, 3.553651373953046, 0.9016602365346367], Velocity: [0.3532401543590457, -1.73218764336714, -28.70296741678535]
Position: [1.2965736332906876, -6.291245476812596, 55.24947297796365], Rotation: [5.318833649607959, 3.572653183953046, 0.9016602365346367], Velocity: [0.34779310643324757, -1.706428097008934, -28.81006771014994]
Position: [1.3000515643550201, -6.308309757782685, 54.96039130086215], Rotation: [5.336625489607959, 3.5916549939530458, 0.9016602365346367], Velocity: [0.3423460585074494, -1.6806685506507282, -28.917168003514533]
Position: [1.3034750249400946, -6.325116443289192, 54.67023862082701], Rotation: [5.354417329607959, 3.6106568039530456, 0.9016602365346367], Velocity: [0.3368990105816513, -1.6549090042925223, -29.024268296879125]
Position: [1.306844015045911, -6.341665533332118, 54.379014937858216], Rotation: [5.372214929607959, 3.5874364239530454, 0.9016602365346367], Velocity: [0.3492260640116841, -1.7130392291855343, -29.177864424800518]
Position: [1.310336275686028, -6.358795925623974, 54.08625529361021], Rotation: [5.390012529607959, 3.5642160439530453, 0.9016602365346367], Velocity: [0.3615531174417169, -1.7711694540785463, -29.33146055272191]
Position: [1.3139518068604452, -6.376507620164759, 53.79195968808299], Rotation: [5.407810129607959, 3.540995663953045, 0.9016602365346367], Velocity: [0.37388017087174974, -1.8292996789715583, -29.485056680643304]
Position: [1.3176906085691626, -6.394800616954474, 53.496128121276556], Rotation: [5.425607729607958, 3.517775283953045, 0.9016602365346367], Velocity: [0.38620722430178256, -1.8874299038645703, -29.638652808564697]
Position: [1.3215526808121805, -6.41367491599312, 53.19876059319091], Rotation: [5.443405329607958, 3.494554903953045, 0.9016602365346367], Velocity: [0.3985342777318154, -1.9455601287575823, -29.79224893648609]
Position: [1.3255380235894987, -6.433130517280696, 52.89985710382605], Rotation: [5.461202929607958, 3.4713345239530446, 0.9016602365346367], Velocity: [0.4108613311618482, -2.0036903536505943, -29.945845064407482]
Position: [1.329646636901117, -6.453167420817202, 52.59941765318197], Rotation: [5.479000529607958, 3.4481141439530445, 0.9016602365346367], Velocity: [0.423188384591881, -2.0618205785436063, -30.099441192328875]
Position: [1.3338785207470358, -6.473785626602639, 52.297442241258686], Rotation: [5.496798129607957, 3.4248937639530443, 0.9016602365346367], Velocity: [0.43551543802191384, -2.1199508034366183, -30.253037320250268]
Position: [1.338233675127255, -6.494985134637004, 51.99393086805618], Rotation: [5.514595729607957, 3.401673383953044, 0.9016602365346367], Velocity: [0.44784249145194666, -2.1780810283296304, -30.40663344817166]
Position: [1.3427121000417745, -6.516765944920301, 51.68888353357447], Rotation: [5.532393329607957, 3.378453003953044, 0.9016602365346367], Velocity: [0.4601695448819795, -2.2362112532226424, -30.560229576093054]
Position: [1.3473137954905943, -6.539128057452527, 51.38230023781354], Rotation: [5.550190929607957, 3.355232623953044, 0.9016602365346367], Velocity: [0.4724965983120123, -2.2943414781156544, -30.713825704014447]
Position: [1.3520387614737144, -6.562071472233684, 51.07418098077339], Rotation: [5.567988529607956, 3.3320122439530437, 0.9016602365346367], Velocity: [0.4848236517420451, -2.3524717030086664, -30.86742183193584]
Position: [1.3568869979911349, -6.585596189263771, 50.764525762454035], Rotation: [5.585786129607956, 3.3087918639530436, 0.9016602365346367], Velocity: [0.49715070517207793, -2.4106019279016784, -31.021017959857232]
Position: [1.3618585050428555, -6.609702208542787, 50.45333458285546], Rotation: [5.603583729607956, 3.2855714839530434, 0.9016602365346367], Velocity: [0.5094777586021108, -2.4687321527946904, -31.174614087778625]
Position: [1.3669532826288766, -6.634389530070734, 50.14060744197768], Rotation: [5.621381329607956, 3.2623511039530433, 0.9016602365346367], Velocity: [0.5218048120321436, -2.5268623776877024, -31.328210215700018]
Position: [1.372171330749198, -6.6596581538476105, 49.82634433982068], Rotation: [5.639178929607955, 3.239130723953043, 0.9016602365346367], Velocity: [0.5341318654621764, -2.5849926025807144, -31.48180634362141]
Position: [1.37751264940382, -6.685508079873418, 49.51054527638446], Rotation: [5.656976529607955, 3.215910343953043, 0.9016602365346367], Velocity: [0.5464589188922092, -2.6431228274737264, -31.635402471542804]
Position: [1.382977238592742, -6.711939308148155, 49.193210251669036], Rotation: [5.674774129607955, 3.192689963953043, 0.9016602365346367], Velocity: [0.558785972322242, -2.7012530523667384, -31.788998599464197]
Position: [1.3885650983159643, -6.738951838671823, 48.874339265674394], Rotation: [5.6925717296079545, 3.1694695839530427, 0.9016602365346367], Velocity: [0.5711130257522748, -2.7593832772597504, -31.94259472738559]
Position: [1.394276228573487, -6.76654567144442, 48.55393231840054], Rotation: [5.710369329607954, 3.1462492039530425, 0.9016602365346367], Velocity: [0.5834400791823077, -2.8175135021527624, -32.096190855306986]
Position: [1.4001106293653103, -6.794720806465947, 48.23198940984747], Rotation: [5.728166929607954, 3.1230288239530424, 0.9016602365346367], Velocity: [0.5957671326123405, -2.8756437270457744, -32.24978698322838]
Position: [1.4060683006914336, -6.823477243736405, 47.908510540015186], Rotation: [5.745964529607954, 3.0998084439530422, 0.9016602365346367], Velocity: [0.6080941860423733, -2.9337739519387864, -32.40338311114978]
Position: [1.4121492425518574, -6.852814983255793, 47.58349570890369], Rotation: [5.7637621296079535, 3.076588063953042, 0.9016602365346367], Velocity: [0.6204212394724061, -2.9919041768317984, -32.556979239071175]
Position: [1.4183534549465815, -6.882734025024111, 47.25694491651298], Rotation: [5.781559729607953, 3.053367683953042, 0.9016602365346367], Velocity: [0.632748292902439, -3.0500344017248104, -32.71057536699257]
Position: [1.4246809378756058, -6.913234369041359, 46.92885816284305], Rotation: [5.799357329607953, 3.0301473039530418, 0.9016602365346367], Velocity: [0.6450753463324718, -3.1081646266178224, -32.86417149491397]
Position: [1.4311316913389305, -6.944316015307537, 46.59923544789391], Rotation: [5.817154929607953, 3.0069269239530416, 0.9016602365346367], Velocity: [0.6574023997625046, -3.1662948515108345, -33.017767622835365]
Position: [1.4377057153365556, -6.975978963822645, 46.268076771665555], Rotation: [5.8349525296079525, 2.9837065439530415, 0.9016602365346367], Velocity: [0.6697294531925374, -3.2244250764038465, -33.17136375075676]
Position: [1.444403009868481, -7.008223214586684, 45.93538213415799], Rotation: [5.852750129607952, 2.9604861639530413, 0.9016602365346367], Velocity: [0.6820565066225702, -3.2825553012968585, -33.32495987867816]
Position: [1.4512235749347067, -7.041048767599652, 45.60115153537121], Rotation: [5.870547729607952, 2.937265783953041, 0.9016602365346367], Velocity: [0.694383560052603, -3.3406855261898705, -33.478556006599554]
Position: [1.4581674105352327, -7.074455622861551, 45.26538497530521], Rotation: [5.888345329607952, 2.914045403953041, 0.9016602365346367], Velocity: [0.7067106134826359, -3.3988157510828825, -33.63215213452095]
Position: [1.465234516670059, -7.10844378037238, 44.92808245396], Rotation: [5.9061429296079515, 2.890825023953041, 0.9016602365346367], Velocity: [0.7190376669126687, -3.4569459759758945, -33.78574826244235]
Position: [1.4724248933391857, -7.143013240132139, 44.58924397133558], Rotation: [5.923940529607951, 2.8676046439530407, 0.9016602365346367], Velocity: [0.7313647203427015, -3.5150762008689065, -33.93934439036374]
Position: [1.4797385405426127, -7.178164002140828, 44.24886952743194], Rotation: [5.941743879607952, 2.864993923953041, 0.9016602365346367], Velocity: [0.7333346117244922, -3.524339294370408, -34.0019978744125]
Position: [1.4870718866598576, -7.213407395084531, 43.907868548687816], Rotation: [5.959547229607952, 2.862383203953041, 0.9016602365346367], Velocity: [0.7353045031062829, -3.5336023878719094, -34.06465135846126]
Position: [1.4944249316909204, -7.248743418963251, 43.566241035103204], Rotation: [5.977350579607952, 2.859772483953041, 0.9016602365346367], Velocity: [0.7372743944880736, -3.542865481373411, -34.12730484251002]
Position: [1.5017976756358011, -7.284172073776985, 43.223986986678106], Rotation: [5.995153929607953, 2.8571617639530413, 0.9016602365346367], Velocity: [0.7392442858698643, -3.5521285748749123, -34.18995832655878]
Position: [1.5091901184944998, -7.3196933595257345, 42.88110640341252], Rotation: [6.012957279607953, 2.8545510439530415, 0.9016602365346367], Velocity: [0.7412141772516551, -3.5613916683764137, -34.25261181060754]
Position: [1.5166022602670164, -7.355307276209499, 42.53759928530644], Rotation: [6.030760629607953, 2.8519403239530416, 0.9016602365346367], Velocity: [0.7431840686334458, -3.570654761877915, -34.3152652946563]
Position: [1.524034100953351, -7.391013823828278, 42.19346563235988], Rotation: [6.0485639796079536, 2.849329603953042, 0.9016602365346367], Velocity: [0.7451539600152365, -3.5799178553794166, -34.37791877870506]
Position: [1.5314856405535033, -7.4268130023820715, 41.84870544457283], Rotation: [6.066367329607954, 2.846718883953042, 0.9016602365346367], Velocity: [0.7471238513970272, -3.589180948880918, -34.44057226275382]
Position: [1.5389568790674737, -7.46270481187088, 41.50331872194529], Rotation: [6.084170679607954, 2.844108163953042, 0.9016602365346367], Velocity: [0.7490937427788179, -3.5984440423824195, -34.50322574680258]
Position: [1.546447816495262, -7.498689252294705, 41.15730546447727], Rotation: [6.1019740296079545, 2.8414974439530423, 0.9016602365346367], Velocity: [0.7510636341606086, -3.607707135883921, -34.56587923085134]
Position: [1.553958452836868, -7.534766323653544, 40.81066567216875], Rotation: [6.119777379607955, 2.8388867239530424, 0.9016602365346367], Velocity: [0.7530335255423993, -3.6169702293854225, -34.628532714900096]
Position: [1.5614887880922919, -7.570936025947399, 40.46339934501975], Rotation: [6.137580729607955, 2.8362760039530426, 0.9016602365346367], Velocity: [0.75500341692419, -3.626233322886924, -34.691186198948856]
Position: [1.5690388222615337, -7.607198359176268, 40.115506483030266], Rotation: [6.1553840796079555, 2.8336652839530427, 0.9016602365346367], Velocity: [0.7569733083059808, -3.6354964163884254, -34.753839682997615]
Position: [1.5766085553445934, -7.643553323340152, 39.76698708620029], Rotation: [6.173187429607956, 2.831054563953043, 0.9016602365346367], Velocity: [0.7589431996877715, -3.644759509889927, -34.816493167046374]
Position: [1.584197987341471, -7.680000918439051, 39.417841154529825], Rotation: [6.190990779607956, 2.828443843953043, 0.9016602365346367], Velocity: [0.7609130910695622, -3.6540226033914283, -34.879146651095134]
Position: [1.5918071182521667, -7.7165411444729655, 39.068068688018876], Rotation: [6.2087941296079565, 2.825833123953043, 0.9016602365346367], Velocity: [0.7628829824513529, -3.6632856968929297, -34.94180013514389]
Position: [1.5994359480766802, -7.753174001441895, 38.717669686667435], Rotation: [6.226597479607957, 2.8232224039530434, 0.9016602365346367], Velocity: [0.7648528738331436, -3.672548790394431, -35.00445361919265]
Position: [1.6070844768150117, -7.7898994893458395, 38.36664415047551], Rotation: [6.244400829607957, 2.8206116839530435, 0.9016602365346367], Velocity: [0.7668227652149343, -3.6818118838959326, -35.06710710324141]
Position: [1.614752704467161, -7.826717608184799, 38.0149920794431], Rotation: [6.2622041796079575, 2.8180009639530437, 0.9016602365346367], Velocity: [0.768792656596725, -3.691074977397434, -35.12976058729017]
Position: [1.6224406310331283, -7.863628357958773, 37.66271347357019], Rotation: [6.280007529607958, 2.815390243953044, 0.9016602365346367], Velocity: [0.7707625479785157, -3.7003380708989355, -35.19241407133893]
Position: [1.6301482565129135, -7.900631738667762, 37.309808332856804], Rotation: [6.297810879607958, 2.812779523953044, 0.9016602365346367], Velocity: [0.7727324393603064, -3.709601164400437, -35.25506755538769]
Position: [1.6378755809065166, -7.937727750311766, 36.95627665730293], Rotation: [6.3156142296079585, 2.810168803953044, 0.9016602365346367], Velocity: [0.7747023307420972, -3.7188642579019384, -35.31772103943645]
Position: [1.6456226042139377, -7.974916392890786, 36.60211844690856], Rotation: [6.333417579607959, 2.8075580839530443, 0.9016602365346367], Velocity: [0.7766722221238879, -3.72812735140344, -35.38037452348521]
Position: [1.6533893264351767, -8.01219766640482, 36.24733370167371], Rotation: [6.351220929607959, 2.8049473639530444, 0.9016602365346367], Velocity: [0.7786421135056786, -3.7373904449049413, -35.44302800753397]
Position: [1.6611757475702333, -8.04957157085387, 35.89192242159837], Rotation: [6.3690242796079595, 2.8023366439530446, 0.9016602365346367], Velocity: [0.7806120048874693, -3.7466535384064428, -35.50568149158273]
Position: [1.668981867619108, -8.087038106237934, 35.535884606682544], Rotation: [6.38682762960796, 2.7997259239530448, 0.9016602365346367], Velocity: [0.78258189626926, -3.7559166319079442, -35.56833497563149]
Position: [1.6768076865818005, -8.124597272557013, 35.17922025692623], Rotation: [6.40463097960796, 2.797115203953045, 0.9016602365346367], Velocity: [0.7845517876510507, -3.7651797254094457, -35.630988459680246]
Position: [1.684653204458311, -8.162249069811107, 34.82192937232943], Rotation: [6.4224343296079605, 2.794504483953045, 0.9016602365346367], Velocity: [0.7865216790328414, -3.774442818910947, -35.693641943729006]
Position: [1.6925184212486393, -8.199993498000216, 34.464011952892136], Rotation: [6.440237679607961, 2.7918937639530452, 0.9016602365346367], Velocity: [0.7884915704146321, -3.7837059124124486, -35.756295427777765]
Position: [1.7004033369527856, -8.23783055712434, 34.10546799861436], Rotation: [6.458041029607961, 2.7892830439530454, 0.9016602365346367], Velocity: [0.7904614617964228, -3.79296900591395, -35.818948911826524]
Position: [1.7083079515707498, -8.275760247183479, 33.746297509496095], Rotation: [6.475844379607961, 2.7866723239530455, 0.9016602365346367], Velocity: [0.7924313531782136, -3.8022320994154515, -35.881602395875284]
Position: [1.716232265102532, -8.313782568177633, 33.38650048553734], Rotation: [6.493647729607962, 2.7840616039530457, 0.9016602365346367], Velocity: [0.7944012445600043, -3.811495192916953, -35.94425587992404]
Position: [1.724176277548132, -8.351897520106803, 33.0260769267381], Rotation: [6.511456829607962, 2.8020605439530457, 0.9016602365346367], Velocity: [0.7760853257854466, -3.72561031789954, -36.06283389440113]
Position: [1.7319371308059863, -8.389153623285798, 32.664467587794086], Rotation: [6.529265929607962, 2.8200594839530457, 0.9016602365346367], Velocity: [0.757769407010889, -3.6397254428821273, -36.18141190887822]
Position: [1.7395148248760952, -8.42555087771462, 32.301672468705306], Rotation: [6.547075029607962, 2.8380584239530458, 0.9016602365346367], Velocity: [0.7394534882363314, -3.5538405678647145, -36.299989923355305]
Position: [1.7469093597584586, -8.461089283393267, 31.937691569471752], Rotation: [6.564884129607962, 2.8560573639530458, 0.9016602365346367], Velocity: [0.7211375694617738, -3.4679556928473017, -36.41856793783239]
Position: [1.7541207354530763, -8.495768840321741, 31.57252489009343], Rotation: [6.582693229607962, 2.874056303953046, 0.9016602365346367], Velocity: [0.7028216506872161, -3.382070817829889, -36.53714595230948]
Position: [1.7611489519599486, -8.52958954850004, 31.206172430570334], Rotation: [6.600502329607962, 2.892055243953046, 0.9016602365346367], Velocity: [0.6845057319126585, -3.296185942812476, -36.65572396678657]
Position: [1.7679940092790751, -8.562551407928165, 30.838634190902468], Rotation: [6.618311429607962, 2.910054183953046, 0.9016602365346367], Velocity: [0.6661898131381009, -3.210301067795063, -36.774301981263655]
Position: [1.7746559074104562, -8.594654418606115, 30.469910171089833], Rotation: [6.636120529607962, 2.928053123953046, 0.9016602365346367], Velocity: [0.6478738943635433, -3.1244161927776504, -36.89287999574074]
Position: [1.7811346463540916, -8.625898580533892, 30.100000371132424], Rotation: [6.653929629607962, 2.946052063953046, 0.9016602365346367], Velocity: [0.6295579755889856, -3.0385313177602375, -37.01145801021783]
Position: [1.7874302261099815, -8.656283893711494, 29.728904791030246], Rotation: [6.671738729607962, 2.964051003953046, 0.9016602365346367], Velocity: [0.611242056814428, -2.9526464427428247, -37.13003602469492]
Position: [1.7935426466781257, -8.685810358138923, 29.356623430783298], Rotation: [6.689547829607962, 2.982049943953046, 0.9016602365346367], Velocity: [0.5929261380398704, -2.866761567725412, -37.248614039172004]
Position: [1.7994719080585244, -8.714477973816177, 28.983156290391577], Rotation: [6.707356929607962, 3.000048883953046, 0.9016602365346367], Velocity: [0.5746102192653127, -2.780876692707999, -37.36719205364909]
Position: [1.8052180102511775, -8.742286740743257, 28.608503369855086], Rotation: [6.725166029607962, 3.018047823953046, 0.9016602365346367], Velocity: [0.5562943004907551, -2.6949918176905863, -37.48577006812618]
Position: [1.810780953256085, -8.769236658920162, 28.232664669173825], Rotation: [6.742975129607962, 3.036046763953046, 0.9016602365346367], Velocity: [0.5379783817161975, -2.6091069426731734, -37.604348082603266]
Position: [1.8161607370732469, -8.795327728346894, 27.85564018834779], Rotation: [6.760784229607962, 3.054045703953046, 0.9016602365346367], Velocity: [0.5196624629416399, -2.5232220676557606, -37.722926097080354]
Position: [1.8213573617026633, -8.820559949023451, 27.47742992737699], Rotation: [6.778593329607962, 3.072044643953046, 0.9016602365346367], Velocity: [0.5013465441670822, -2.437337192638348, -37.84150411155744]
Position: [1.8263708271443342, -8.844933320949835, 27.098033886261415], Rotation: [6.796402429607962, 3.090043583953046, 0.9016602365346367], Velocity: [0.4830306253925246, -2.351452317620935, -37.96008212603453]
Position: [1.8312011333982594, -8.868447844126043, 26.71745206500107], Rotation: [6.814211529607962, 3.108042523953046, 0.9016602365346367], Velocity: [0.464714706617967, -2.265567442603522, -38.078660140511616]
Position: [1.8358482804644392, -8.891103518552079, 26.335684463595953], Rotation: [6.832020629607962, 3.126041463953046, 0.9016602365346367], Velocity: [0.44639878784340936, -2.1796825675861093, -38.1972381549887]
Position: [1.8403122683428732, -8.912900344227939, 25.952731082046068], Rotation: [6.849829729607962, 3.144040403953046, 0.9016602365346367], Velocity: [0.42808286906885173, -2.0937976925686965, -38.31581616946579]
Position: [1.8445930970335618, -8.933838321153626, 25.56859192035141], Rotation: [6.867638829607962, 3.162039343953046, 0.9016602365346367], Velocity: [0.4097669502942941, -2.0079128175512837, -38.43439418394288]
Position: [1.8486907665365047, -8.95391744932914, 25.18326697851198], Rotation: [6.885447929607962, 3.180038283953046, 0.9016602365346367], Velocity: [0.3914510315197365, -1.9220279425338709, -38.552972198419965]
Position: [1.852605276851702, -8.973137728754478, 24.796756256527782], Rotation: [6.903257029607962, 3.198037223953046, 0.9016602365346367], Velocity: [0.37313511274517885, -1.836143067516458, -38.67155021289705]
Position: [1.8563366279791538, -8.991499159429644, 24.40905975439881], Rotation: [6.921066129607962, 3.216036163953046, 0.9016602365346367], Velocity: [0.3548191939706212, -1.7502581924990452, -38.79012822737414]
Position: [1.85988481991886, -9.009001741354634, 24.02017747212507], Rotation: [6.938875229607962, 3.234035103953046, 0.9016602365346367], Velocity: [0.3365032751960636, -1.6643733174816324, -38.90870624185123]
Position: [1.8632498526708205, -9.025645474529451, 23.63010940970656], Rotation: [6.956684329607962, 3.252034043953046, 0.9016602365346367], Velocity: [0.318187356421506, -1.5784884424642196, -39.027284256328315]
Position: [1.8664317262350356, -9.041430358954093, 23.238855567143275], Rotation: [6.974493429607962, 3.270032983953046, 0.9016602365346367], Velocity: [0.29987143764694835, -1.4926035674468068, -39.1458622708054]
Position: [1.8694304406115052, -9.056356394628562, 22.846415944435222], Rotation: [6.992302529607962, 3.288031923953046, 0.9016602365346367], Velocity: [0.2815555188723907, -1.406718692429394, -39.26444028528249]
Position: [1.872245995800229, -9.070423581552856, 22.4527905415824], Rotation: [7.010111629607962, 3.3060308639530462, 0.9016602365346367], Velocity: [0.2632396000978331, -1.3208338174119811, -39.38301829975958]
Position: [1.8748783918012075, -9.083631919726976, 22.057979358584802], Rotation: [7.027920729607962, 3.3240298039530463, 0.9016602365346367], Velocity: [0.24492368132327547, -1.2349489423945683, -39.501596314236664]
Position: [1.8773276286144402, -9.095981409150921, 21.661982395442436], Rotation: [7.0457298296079625, 3.3420287439530463, 0.9016602365346367], Velocity: [0.22660776254871784, -1.1490640673771555, -39.62017432871375]
Position: [1.8795937062399275, -9.107472049824693, 21.264799652155297], Rotation: [7.063546599607962, 3.3178054939530464, 0.9016602365346367], Velocity: [0.23288969433003742, -1.1784102084435886, -39.75254231220908]
Position: [1.881922603183228, -9.119256151909129, 20.866293229033207], Rotation: [7.081363369607962, 3.2935822439530464, 0.9016602365346367], Velocity: [0.239171626111357, -1.2077563495100216, -39.88491029570441]
Position: [1.8843143194443415, -9.13133371540423, 20.466463126076164], Rotation: [7.099180139607961, 3.2693589939530465, 0.9016602365346367], Velocity: [0.2454535578926766, -1.2371024905764547, -40.017278279199736]
Position: [1.8867688550232682, -9.143704740309994, 20.065309343284166], Rotation: [7.116996909607961, 3.2451357439530466, 0.9016602365346367], Velocity: [0.25173548967399617, -1.2664486316428878, -40.149646262695065]
Position: [1.889286209920008, -9.156369226626422, 19.662831880657215], Rotation: [7.13481367960796, 3.2209124939530467, 0.9016602365346367], Velocity: [0.25801742145531575, -1.2957947727093209, -40.28201424619039]
Position: [1.8918663841345613, -9.169327174353516, 19.25903073819531], Rotation: [7.15263044960796, 3.1966892439530468, 0.9016602365346367], Velocity: [0.26429935323663534, -1.325140913775754, -40.41438222968572]
Position: [1.8945093776669277, -9.182578583491273, 18.85390591589845], Rotation: [7.17044721960796, 3.172465993953047, 0.9016602365346367], Velocity: [0.2705812850179549, -1.354487054842187, -40.54675021318105]
Position: [1.8972151905171073, -9.196123454039695, 18.447457413766642], Rotation: [7.188263989607959, 3.148242743953047, 0.9016602365346367], Velocity: [0.2768632167992745, -1.38383319590862, -40.67911819667638]
Position: [1.8999838226851, -9.20996178599878, 18.03968523179988], Rotation: [7.206080759607959, 3.124019493953047, 0.9016602365346367], Velocity: [0.2831451485805941, -1.4131793369750532, -40.811486180171705]
Position: [1.902815274170906, -9.224093579368532, 17.630589369998162], Rotation: [7.223897529607958, 3.099796243953047, 0.9016602365346367], Velocity: [0.28942708036191367, -1.4425254780414862, -40.943854163667034]
Position: [1.905709544974525, -9.238518834148946, 17.22016982836149], Rotation: [7.241714299607958, 3.075572993953047, 0.9016602365346367], Velocity: [0.29570901214323325, -1.4718716191079193, -41.07622214716236]
Position: [1.9086666350959574, -9.253237550340026, 16.808426606889867], Rotation: [7.259531069607958, 3.0513497439530473, 0.9016602365346367], Velocity: [0.30199094392455283, -1.5012177601743524, -41.20859013065769]
Position: [1.911686544535203, -9.26824972794177, 16.39535970558329], Rotation: [7.277347839607957, 3.0271264939530473, 0.9016602365346367], Velocity: [0.3082728757058724, -1.5305639012407855, -41.34095811415302]
Position: [1.9147692732922617, -9.283555366954177, 15.980969124441758], Rotation: [7.295164609607957, 3.0029032439530474, 0.9016602365346367], Velocity: [0.314554807487192, -1.5599100423072185, -41.473326097648346]
Position: [1.9179148213671335, -9.29915446737725, 15.565254863465274], Rotation: [7.312981379607956, 2.9786799939530475, 0.9016602365346367], Velocity: [0.3208367392685116, -1.5892561833736516, -41.605694081143675]
Position: [1.9211231887598186, -9.315047029210985, 15.148216922653837], Rotation: [7.330798149607956, 2.9544567439530476, 0.9016602365346367], Velocity: [0.32711867104983117, -1.6186023244400847, -41.738062064639]
Position: [1.924394375470317, -9.331233052455387, 14.729855302007447], Rotation: [7.3486149196079555, 2.9302334939530477, 0.9016602365346367], Velocity: [0.33340060283115075, -1.6479484655065177, -41.87043004813433]
Position: [1.9277283814986286, -9.347712537110452, 14.310170001526103], Rotation: [7.366431689607955, 2.9060102439530477, 0.9016602365346367], Velocity: [0.33968253461247033, -1.6772946065729508, -42.00279803162966]
Position: [1.9311252068447533, -9.364485483176182, 13.889161021209807], Rotation: [7.384248459607955, 2.881786993953048, 0.9016602365346367], Velocity: [0.3459644663937899, -1.706640747639384, -42.13516601512499]
Position: [1.9345848515086912, -9.381551890652576, 13.466828361058557], Rotation: [7.402065229607954, 2.857563743953048, 0.9016602365346367], Velocity: [0.3522463981751095, -1.735986888705817, -42.267533998620316]
Position: [1.9381073154904422, -9.398911759539633, 13.043172021072353], Rotation: [7.419881999607954, 2.833340493953048, 0.9016602365346367], Velocity: [0.3585283299564291, -1.76533302977225, -42.399901982115644]
Position: [1.9416925987900064, -9.416565089837356, 12.618192001251197], Rotation: [7.4376987696079535, 2.809117243953048, 0.9016602365346367], Velocity: [0.36481026173774866, -1.7946791708386831, -42.53226996561097]
Position: [1.945340701407384, -9.434511881545742, 12.191888301595087], Rotation: [7.455515539607953, 2.784893993953048, 0.9016602365346367], Velocity: [0.37109219351906825, -1.8240253119051162, -42.6646379491063]
Position: [1.9490516233425748, -9.452752134664793, 11.764260922104024], Rotation: [7.473332309607953, 2.7606707439530482, 0.9016602365346367], Velocity: [0.37737412530038783, -1.8533714529715493, -42.79700593260163]
Position: [1.9528253645955786, -9.471285849194508, 11.335309862778008], Rotation: [7.491149079607952, 2.7364474939530483, 0.9016602365346367], Velocity: [0.3836560570817074, -1.8827175940379823, -42.92937391609696]
Position: [1.9566619251663957, -9.490113025134889, 10.905035123617038], Rotation: [7.508965849607952, 2.7122242439530484, 0.9016602365346367], Velocity: [0.389937988863027, -1.9120637351044154, -43.061741899592285]
Position: [1.960561305055026, -9.509233662485933, 10.473436704621115], Rotation: [7.5267826196079515, 2.6880009939530485, 0.9016602365346367], Velocity: [0.3962199206443466, -1.9414098761708485, -43.19410988308761]
Position: [1.9645235042614693, -9.528647761247642, 10.04051460579024], Rotation: [7.544599389607951, 2.6637777439530486, 0.9016602365346367], Velocity: [0.40250185242566616, -1.9707560172372816, -43.32647786658294]
Position: [1.968548522785726, -9.548355321420015, 9.60626882712441], Rotation: [7.562416159607951, 2.6395544939530486, 0.9016602365346367], Velocity: [0.40878378420698575, -2.0001021583037146, -43.45884585007827]
Position: [1.972636360627796, -9.568356343003051, 9.170699368623627], Rotation: [7.58023292960795, 2.6153312439530487, 0.9016602365346367], Velocity: [0.41506571598830533, -2.0294482993701477, -43.5912138335736]
Position: [1.976787017787679, -9.588650825996753, 8.733806230287891], Rotation: [7.59804969960795, 2.591107993953049, 0.9016602365346367], Velocity: [0.4213476477696249, -2.0587944404365808, -43.723581817068926]
Position: [1.9810004942653752, -9.609238770401118, 8.295589412117202], Rotation: [7.615866469607949, 2.566884743953049, 0.9016602365346367], Velocity: [0.4276295795509445, -2.088140581503014, -43.855949800564254]
Position: [1.9852767900608845, -9.630120176216149, 7.856048914111559], Rotation: [7.63368898960795, 2.563271153953049, 0.9016602365346367], Velocity: [0.4276986678793825, -2.088462424458239, -43.95317886436697]
Position: [1.9895537767396783, -9.651004800460731, 7.41553612546789], Rotation: [7.65151150960795, 2.5596575639530488, 0.9016602365346367], Velocity: [0.4277677562078205, -2.0887842674134642, -44.05040792816968]
Position: [1.9938314543017566, -9.671892643134866, 6.974051046186193], Rotation: [7.66933402960795, 2.5560439739530487, 0.9016602365346367], Velocity: [0.4278368445362585, -2.0891061103686894, -44.1476369919724]
Position: [1.9981098227471192, -9.692783704238552, 6.531593676266469], Rotation: [7.68715654960795, 2.5524303839530487, 0.9016602365346367], Velocity: [0.42790593286469647, -2.0894279533239146, -44.24486605577511]
Position: [2.002388882075766, -9.713677983771792, 6.088164015708718], Rotation: [7.70497906960795, 2.5488167939530486, 0.9016602365346367], Velocity: [0.42797502119313446, -2.08974979627914, -44.34209511957783]
Position: [2.006668632287697, -9.734575481734582, 5.64376206451294], Rotation: [7.7228015896079505, 2.5452032039530486, 0.9016602365346367], Velocity: [0.42804410952157246, -2.090071639234365, -44.43932418338054]
Position: [2.0109490733829127, -9.755476198126926, 5.198387822679134], Rotation: [7.740624109607951, 2.5415896139530485, 0.9016602365346367], Velocity: [0.42811319785001045, -2.09039348218959, -44.53655324718326]
Position: [2.0152302053614126, -9.776380132948821, 4.752041290207301], Rotation: [7.758446629607951, 2.5379760239530484, 0.9016602365346367], Velocity: [0.42818228617844845, -2.0907153251448154, -44.63378231098597]
Position: [2.0195120282231973, -9.79728728620027, 4.3047224670974416], Rotation: [7.776269149607951, 2.5343624339530484, 0.9016602365346367], Velocity: [0.42825137450688644, -2.0910371681000406, -44.731011374788686]
Position: [2.0237945419682664, -9.81819765788127, 3.8564313533495547], Rotation: [7.794091669607951, 2.5307488439530483, 0.9016602365346367], Velocity: [0.42832046283532443, -2.091359011055266, -44.8282404385914]
Position: [2.0280777465966198, -9.839111247991823, 3.4071679489636404], Rotation: [7.811914189607951, 2.5271352539530483, 0.9016602365346367], Velocity: [0.4283895511637624, -2.091680854010491, -44.925469502394115]
Position: [2.0323616421082575, -9.86002805653193, 2.956932253939699], Rotation: [7.8297367096079515, 2.523521663953048, 0.9016602365346367], Velocity: [0.4284586394922004, -2.092002696965716, -45.02269856619683]
Position: [2.0366462285031797, -9.880948083501586, 2.505724268277731], Rotation: [7.847559229607952, 2.519908073953048, 0.9016602365346367], Velocity: [0.4285277278206384, -2.0923245399209414, -45.119927629999545]
Position: [2.040931505781386, -9.901871328900796, 2.0535439919777354], Rotation: [7.865381749607952, 2.516294483953048, 0.9016602365346367], Velocity: [0.4285968161490764, -2.0926463828761666, -45.21715669380226]
Position: [2.045217473942877, -9.922797792729558, 1.6003914250397129], Rotation: [7.883204269607952, 2.512680893953048, 0.9016602365346367], Velocity: [0.4286659044775144, -2.0929682258313917, -45.314385757604974]
Position: [2.049504132987652, -9.943727474987872, 1.1462665674636632], Rotation: [7.901026789607952, 2.509067303953048, 0.9016602365346367], Velocity: [0.4287349928059524, -2.093290068786617, -45.41161482140769]
Position: [2.053791482915712, -9.964660375675738, 0.6911694192495863], Rotation: [7.918849309607952, 2.505453713953048, 0.9016602365346367], Velocity: [0.4288040811343904, -2.093611911741842, -45.5088438852104]
Position: [2.0580795237270557, -9.985596494793157, 0.23509998039748226], Rotation: [7.936671829607953, 2.501840123953048, 0.9016602365346367], Velocity: [0.4288731694628284, -2.0939337546970673, -45.60607294901312]
Position: [2.062368255421684, -10.006535832340127, -0.22194174909264897], Rotation: [7.954494349607953, 2.498226533953048, 0.9016602365346367], Velocity: [0.4289422577912664, -2.0942555976522925, -45.70330201281583]
