Position: [0.0, 0.0, 99.997275], Rotation: [-0.029391016666666665, 0.0026733666666666663, 3.0565172797092646], Velocity: [-0.0024911069220962864, -0.012769374410640388, -0.08308751295864042]
Position: [-4.151844870160477e-05, -0.00021282290684400645, 99.99316520811736], Rotation: [-0.05878203333333333, 0.0053467333333333325, 3.0565172797092646], Velocity: [-0.004982213844192573, -0.025538748821280776, -0.16617502591728084]
Position: [-0.0001245553461048143, -0.0006384687205320194, 99.98767062435208], Rotation: [-0.08817305, 0.008020099999999999, 3.0565172797092646], Velocity: [-0.007473320766288859, -0.03830812323192116, -0.24926253887592126]
Position: [-0.0002491106922096286, -0.0012769374410640387, 99.98079124870415], Rotation: [-0.11756406666666666, 0.010693466666666665, 3.0565172797092646], Velocity: [-0.009964427688385145, -0.05107749764256155, -0.3323500518345617]
Position: [-0.0004151844870160477, -0.0021282290684400645, 99.97252708117358], Rotation: [-0.14695508333333332, 0.013366833333333331, 3.0565172797092646], Velocity: [-0.012455534610481432, -0.06384687205320194, -0.4154375647932021]
Position: [-0.0006227767305240716, -0.0031923436026600966, 99.96287812176035], Rotation: [-0.17633649999999998, 0.050389633333333336, 3.0565172797092646], Velocity: [-0.013532681086033319, -0.06938528069269712, -0.5832318679120669]
Position: [-0.0008483214152912935, -0.004348764947538382, 99.95043259062848], Rotation: [-0.20571791666666664, 0.08741243333333334, 3.0565172797092646], Velocity: [-0.014609827561585206, -0.07492368933219229, -0.7510261710309317]
Position: [-0.0010918185413177136, -0.00559749310307492, 99.93519048777796], Rotation: [-0.2350993333333333, 0.12443523333333334, 3.0565172797092646], Velocity: [-0.01568697403713709, -0.08046209797168746, -0.9188204741497965]
Position: [-0.0013532681086033318, -0.006938528069269712, 99.91715181320879], Rotation: [-0.26448075, 0.16145803333333333, 3.0565172797092646], Velocity: [-0.01676412051268898, -0.08600050661118264, -1.0866147772686614]
Position: [-0.001632670117148148, -0.008371869846122756, 99.89631656692097], Rotation: [-0.29386216666666665, 0.19848083333333333, 3.0565172797092646], Velocity: [-0.017841266988240866, -0.09153891525067781, -1.2544090803875263]
Position: [-0.0019300245669521625, -0.009897518433634053, 99.87268474891451], Rotation: [-0.3232435833333333, 0.23550363333333332, 3.0565172797092646], Velocity: [-0.018918413463792753, -0.09707732389017298, -1.4222033835063912]
Position: [-0.002245331458015375, -0.011515473831803603, 99.8462563591894], Rotation: [-0.35262499999999997, 0.2725264333333333, 3.0565172797092646], Velocity: [-0.01999555993934464, -0.10261573252966816, -1.589997686625256]
Position: [-0.0025785907903377856, -0.013225736040631406, 99.81703139774564], Rotation: [-0.3820064166666666, 0.30954923333333334, 3.0565172797092646], Velocity: [-0.021072706414896527, -0.10815414116916333, -1.757791989744121]
Position: [-0.0029298025639193943, -0.015028305060117462, 99.78500986458323], Rotation: [-0.4113878333333333, 0.34657203333333336, 3.0565172797092646], Velocity: [-0.022149852890448414, -0.1136925498086585, -1.9255862928629859]
Position: [-0.0032989667787602013, -0.01692318089026177, 99.75019175970218], Rotation: [-0.44076924999999995, 0.3835948333333334, 3.0565172797092646], Velocity: [-0.0232269993660003, -0.11923095844815368, -2.093380595981851]
Position: [-0.003686083434860206, -0.01891036353106433, 99.71257708310247], Rotation: [-0.4701506666666666, 0.4206176333333334, 3.0565172797092646], Velocity: [-0.02430414584155219, -0.12476936708764885, -2.2611748991007157]
Position: [-0.004091152532219409, -0.020989852982525144, 99.67216583478412], Rotation: [-0.49953208333333327, 0.45764043333333343, 3.0565172797092646], Velocity: [-0.025381292317104075, -0.13030777572714403, -2.4289692022195806]
Position: [-0.004514174070837811, -0.02316164924464421, 99.62895801474713], Rotation: [-0.5289134999999999, 0.49466323333333345, 3.0565172797092646], Velocity: [-0.026458438792655962, -0.1358461843666392, -2.5967635053384455]
Position: [-0.00495514805071541, -0.02542575231742153, 99.58295362299148], Rotation: [-0.5582949166666666, 0.5316860333333334, 3.0565172797092646], Velocity: [-0.02753558526820785, -0.14138459300613437, -2.7645578084573104]
Position: [-0.005414074471852207, -0.0277821622008571, 99.53415265951719], Rotation: [-0.5876763333333334, 0.5687088333333334, 3.0565172797092646], Velocity: [-0.028612731743759737, -0.14692300164562955, -2.9323521115761753]
Position: [-0.005890953334248203, -0.03023087889495093, 99.48255512432425], Rotation: [-0.6170577500000001, 0.6057316333333335, 3.0565172797092646], Velocity: [-0.029689878219311624, -0.15246141028512472, -3.10014641469504]
Position: [-0.006385784637903397, -0.032771902399703005, 99.42816101741266], Rotation: [-0.6464391666666668, 0.6427544333333335, 3.0565172797092646], Velocity: [-0.03076702469486351, -0.1579998189246199, -3.267940717813905]
Position: [-0.006898568382817789, -0.03540523271511334, 99.37097033878243], Rotation: [-0.6758205833333335, 0.6797772333333335, 3.0565172797092646], Velocity: [-0.031844171170415395, -0.16353822756411507, -3.43573502093277]
Position: [-0.007429304568991379, -0.03813086984118192, 99.31098308843355], Rotation: [-0.7052020000000002, 0.7168000333333335, 3.0565172797092646], Velocity: [-0.03292131764596728, -0.16907663620361024, -3.603529324051635]
Position: [-0.007977993196424166, -0.04094881377790876, 99.24819926636602], Rotation: [-0.7345834166666669, 0.7538228333333336, 3.0565172797092646], Velocity: [-0.03399846412151916, -0.17461504484310542, -3.7713236271704997]
Position: [-0.008544634265116152, -0.043859064525293846, 99.18261887257984], Rotation: [-0.7639648333333336, 0.7908456333333336, 3.0565172797092646], Velocity: [-0.035075610597071046, -0.1801534534826006, -3.9391179302893646]
Position: [-0.009129227775067335, -0.04686162208333719, 99.11424190707501], Rotation: [-0.7933462500000004, 0.8278684333333336, 3.0565172797092646], Velocity: [-0.03615275707262293, -0.18569186212209576, -4.106912233408229]
Position: [-0.009731773726277718, -0.04995648645203878, 99.04306836985154], Rotation: [-0.8227276666666671, 0.8648912333333336, 3.0565172797092646], Velocity: [-0.03722990354817481, -0.19123027076159094, -4.274706536527094]
Position: [-0.010352272118747298, -0.05314365763139863, 98.96909826090942], Rotation: [-0.8521090833333338, 0.9019140333333336, 3.0565172797092646], Velocity: [-0.038307050023726696, -0.1967686794010861, -4.442500839645959]
Position: [-0.010990722952476075, -0.05642313562141674, 98.89233158024865], Rotation: [-0.8814905000000005, 0.9389368333333337, 3.0565172797092646], Velocity: [-0.03938419649927858, -0.20230708804058128, -4.610295142764824]
Position: [-0.011647126227464052, -0.05979492042209309, 98.81276832786924], Rotation: [-0.9108719166666672, 0.9759596333333337, 3.0565172797092646], Velocity: [-0.040461342974830464, -0.20784549668007646, -4.778089445883689]
Position: [-0.012321481943711226, -0.0632590120334277, 98.73040850377117], Rotation: [-0.9402533333333339, 1.0129824333333337, 3.0565172797092646], Velocity: [-0.04153848945038235, -0.21338390531957163, -4.945883749002554]
Position: [-0.013013790101217598, -0.06681541045542055, 98.64525210795446], Rotation: [-0.9696347500000007, 1.0500052333333336, 3.0565172797092646], Velocity: [-0.04261563592593423, -0.2189223139590668, -5.1136780521214185]
Position: [-0.013724050699983168, -0.07046411568807166, 98.5572991404191], Rotation: [-0.9990161666666674, 1.0870280333333335, 3.0565172797092646], Velocity: [-0.043692782401486115, -0.22446072259856198, -5.281472355240283]
Position: [-0.014452263740007937, -0.07420512773138103, 98.4665496011651], Rotation: [-1.028397583333334, 1.1240508333333334, 3.0565172797092646], Velocity: [-0.044769928877038, -0.22999913123805715, -5.449266658359148]
Position: [-0.015198429221291903, -0.07803844658534866, 98.37300349019245], Rotation: [-1.0577790000000007, 1.1610736333333334, 3.0565172797092646], Velocity: [-0.04584707535258988, -0.23553753987755233, -5.617060961478013]
Position: [-0.015962547143835066, -0.08196407224997453, 98.27666080750114], Rotation: [-1.0871604166666673, 1.1980964333333333, 3.0565172797092646], Velocity: [-0.046924221828141766, -0.2410759485170475, -5.784855264596878]
Position: [-0.01674461750763743, -0.08598200472525865, 98.1775215530912], Rotation: [-1.1165290500000007, 1.1647489166666667, 3.0565172797092646], Velocity: [-0.030292069370697283, -0.15520631913360666, -5.988474590831047]
Position: [-0.017249485330482383, -0.08856877671081875, 98.07498864324401], Rotation: [-1.145897683333334, 1.1314014000000001, 3.0565172797092646], Velocity: [-0.013659916913252801, -0.06933668975016584, -6.1920939170652165]
Position: [-0.01747715061236993, -0.08972438820665485, 97.96906207795959], Rotation: [-1.1752663166666675, 1.0980538833333335, 3.0565172797092646], Velocity: [0.0029722355441916815, 0.016532939633274985, -6.395713243299386]
Position: [-0.017427613353300068, -0.08944883921276693, 97.85974185723794], Rotation: [-1.2046349500000009, 1.064706366666667, 3.0565172797092646], Velocity: [0.019604388001636164, 0.10240256901671581, -6.599332569533555]
Position: [-0.017100873553272798, -0.087742129729155, 97.74702798107904], Rotation: [-1.2340035833333343, 1.0313588500000004, 3.0565172797092646], Velocity: [0.036236540459080646, 0.18827219840015663, -6.802951895767724]
Position: [-0.01649693121228812, -0.08460425975581906, 97.63092044948291], Rotation: [-1.2633722166666677, 0.9980113333333337, 3.0565172797092646], Velocity: [0.05286869291652513, 0.27414182778359747, -7.006571222001893]
Position: [-0.015615786330346035, -0.08003522929275911, 97.51141926244955], Rotation: [-1.292740850000001, 0.964663816666667, 3.0565172797092646], Velocity: [0.06950084537396961, 0.3600114571670383, -7.210190548236063]
Position: [-0.014457438907446541, -0.07403503833997514, 97.38852441997895], Rotation: [-1.3221094833333344, 0.9313163000000003, 3.0565172797092646], Velocity: [0.0861329978314141, 0.44588108655047914, -7.413809874470232]
Position: [-0.01302188894358964, -0.06660368689746715, 97.26223592207111], Rotation: [-1.3514781166666678, 0.8979687833333336, 3.0565172797092646], Velocity: [0.10276515028885858, 0.53175071593392, -7.617429200704401]
Position: [-0.01130913643877533, -0.05774117496523515, 97.13255376872604], Rotation: [-1.3808467500000012, 0.8646212666666669, 3.0565172797092646], Velocity: [0.11939730274630306, 0.6176203453173608, -7.82104852693857]
Position: [-0.009319181393003612, -0.04744750254327913, 96.99947795994373], Rotation: [-1.4102153833333346, 0.8312737500000003, 3.0565172797092646], Velocity: [0.13602945520374754, 0.7034899747008015, -8.02466785317274]
Position: [-0.007052023806274486, -0.035722669631599105, 96.86300849572419], Rotation: [-1.439584016666668, 0.7979262333333336, 3.0565172797092646], Velocity: [0.15266160766119202, 0.7893596040842423, -8.22828717940691]
Position: [-0.004507663678587952, -0.022566676230195065, 96.72314537606741], Rotation: [-1.4689526500000014, 0.7645787166666669, 3.0565172797092646], Velocity: [0.1692937601186365, 0.8752292334676831, -8.43190650564108]
Position: [-0.0016861010099440102, -0.007979522339067013, 96.57988860097339], Rotation: [-1.4983212833333348, 0.7312312000000002, 3.0565172797092646], Velocity: [0.185925912576081, 0.9610988628511239, -8.63552583187525]
Position: [0.0014126641996573394, 0.00803879204178505, 96.43323817044214], Rotation: [-1.5276899166666682, 0.6978836833333335, 3.0565172797092646], Velocity: [0.20255806503352547, 1.0469684922345648, -8.839145158109421]
Position: [0.004788631950216097, 0.02548826691236113, 96.28319408447365], Rotation: [-1.5570585500000016, 0.6645361666666668, 3.0565172797092646], Velocity: [0.21919021749096995, 1.1328381216180057, -9.042764484343591]
Position: [0.008441802241732263, 0.04436890227266123, 96.12975634306792], Rotation: [-1.586427183333335, 0.6311886500000001, 3.0565172797092646], Velocity: [0.23582236994841443, 1.2187077510014466, -9.246383810577761]
Position: [0.012372175074205837, 0.06468069812268534, 95.97292494622496], Rotation: [-1.6157958166666684, 0.5978411333333334, 3.0565172797092646], Velocity: [0.2524545224058589, 1.3045773803848875, -9.450003136811931]
Position: [0.01657975044763682, 0.08642365446243347, 95.81269989394477], Rotation: [-1.6451644500000018, 0.5644936166666668, 3.0565172797092646], Velocity: [0.2690866748633034, 1.3904470097683284, -9.653622463046101]
Position: [0.02106452836202521, 0.10959777129190561, 95.64908118622733], Rotation: [-1.6745330833333352, 0.5311461000000001, 3.0565172797092646], Velocity: [0.2857188273207479, 1.4763166391517692, -9.857241789280272]
Position: [0.02582650881737101, 0.13420304861110177, 95.48206882307267], Rotation: [-1.7039017166666686, 0.4977985833333334, 3.0565172797092646], Velocity: [0.30235097977819236, 1.5621862685352101, -10.060861115514442]
Position: [0.030865691813674215, 0.16023948642002195, 95.31166280448076], Rotation: [-1.733270350000002, 0.4644510666666667, 3.0565172797092646], Velocity: [0.31898313223563685, 1.648055897918651, -10.264480441748612]
Position: [0.03618207735093483, 0.18770708471866612, 95.13786313045162], Rotation: [-1.7626389833333354, 0.43110355, 3.0565172797092646], Velocity: [0.33561528469308133, 1.733925527302092, -10.468099767982782]
Position: [0.041775665429152856, 0.21660584350703432, 94.96066980098524], Rotation: [-1.7920076166666687, 0.3977560333333333, 3.0565172797092646], Velocity: [0.3522474371505258, 1.8197951566855328, -10.671719094216952]
Position: [0.04764645604832829, 0.24693576278512652, 94.78008281608163], Rotation: [-1.8213762500000021, 0.3644085166666666, 3.0565172797092646], Velocity: [0.3688795896079703, 1.9056647860689737, -10.875338420451122]
Position: [0.05379444920846113, 0.27869684255294275, 94.59610217574078], Rotation: [-1.8507448833333355, 0.33106099999999994, 3.0565172797092646], Velocity: [0.3855117420654148, 1.9915344154524146, -11.078957746685292]
Position: [0.06021964490955138, 0.311889082810483, 94.4087278799627], Rotation: [-1.880113516666669, 0.29771348333333325, 3.0565172797092646], Velocity: [0.40214389452285926, 2.0774040448358555, -11.282577072919462]
Position: [0.06692204315159904, 0.3465124835577473, 94.21795992874738], Rotation: [-1.9094821500000023, 0.26436596666666656, 3.0565172797092646], Velocity: [0.41877604698030374, 2.163273674219296, -11.486196399153632]
Position: [0.0739016439346041, 0.3825670447947355, 94.02379832209482], Rotation: [-1.9388507833333357, 0.2310184499999999, 3.0565172797092646], Velocity: [0.4354081994377482, 2.249143303602737, -11.689815725387803]
Position: [0.08115844725856658, 0.4200527665214478, 93.82624306000503], Rotation: [-1.968219416666669, 0.19767093333333324, 3.0565172797092646], Velocity: [0.4520403518951927, 2.3350129329861775, -11.893435051621973]
Position: [0.08869245312348646, 0.4589696487378841, 93.625294142478], Rotation: [-1.9975880500000025, 0.16432341666666658, 3.0565172797092646], Velocity: [0.4686725043526372, 2.420882562369618, -12.097054377856143]
Position: [0.09650366152936375, 0.4993176914440444, 93.42095156951373], Rotation: [-2.026956683333336, 0.13097589999999992, 3.0565172797092646], Velocity: [0.48530465681008167, 2.506752191753059, -12.300673704090313]
Position: [0.10459207247619845, 0.5410968946399287, 93.21321534111223], Rotation: [-2.056315733333336, 0.13197781666666658, 3.0565172797092646], Velocity: [0.48505565810304413, 2.5054626726664, -12.442352914675496]
Position: [0.11267633344458251, 0.5828546058510353, 93.00311779253431], Rotation: [-2.085674783333336, 0.13297973333333324, 3.0565172797092646], Velocity: [0.4848066593960066, 2.504173153579741, -12.584032125260679]
Position: [0.12075644443451596, 0.6245908250773643, 92.79065892377997], Rotation: [-2.115033833333336, 0.1339816499999999, 3.0565172797092646], Velocity: [0.48455766068896905, 2.5028836344930823, -12.725711335845862]
Position: [0.12883240544599878, 0.6663055523189156, 92.57583873484921], Rotation: [-2.144392883333336, 0.13498356666666655, 3.0565172797092646], Velocity: [0.4843086619819315, 2.5015941154064234, -12.867390546431045]
Position: [0.13690421647903098, 0.7079987875756893, 92.35865722574204], Rotation: [-2.173751933333336, 0.1359854833333332, 3.0565172797092646], Velocity: [0.48405966327489397, 2.5003045963197645, -13.009069757016228]
Position: [0.14497187753361254, 0.7496705308476854, 92.13911439645844], Rotation: [-2.203110983333336, 0.13698739999999987, 3.0565172797092646], Velocity: [0.48381066456785643, 2.4990150772331057, -13.15074896760141]
Position: [0.15303538860974347, 0.7913207821349039, 91.91721024699841], Rotation: [-2.2324700333333363, 0.13798931666666653, 3.0565172797092646], Velocity: [0.4835616658608189, 2.497725558146447, -13.292428178186594]
Position: [0.1610947497074238, 0.8329495414373447, 91.69294477736196], Rotation: [-2.2618290833333363, 0.1389912333333332, 3.0565172797092646], Velocity: [0.48331266715378135, 2.496436039059788, -13.434107388771777]
Position: [0.16914996082665348, 0.8745568087550079, 91.46631798754909], Rotation: [-2.2911881333333364, 0.13999314999999984, 3.0565172797092646], Velocity: [0.4830636684467438, 2.495146519973129, -13.57578659935696]
Position: [0.17720102196743254, 0.9161425840878933, 91.2373298775598], Rotation: [-2.3205471833333364, 0.1409950666666665, 3.0565172797092646], Velocity: [0.48281466973970627, 2.49385700088647, -13.717465809942142]
Position: [0.18524793312976098, 0.9577068674360011, 91.0059804473941], Rotation: [-2.3499062333333365, 0.14199698333333316, 3.0565172797092646], Velocity: [0.48256567103266873, 2.4925674817998114, -13.859145020527325]
Position: [0.1932906943136388, 0.9992496587993313, 90.77226969705197], Rotation: [-2.3792652833333365, 0.14299889999999982, 3.0565172797092646], Velocity: [0.4823166723256312, 2.4912779627131525, -14.000824231112508]
Position: [0.20132930551906597, 1.040770958177884, 90.53619762653342], Rotation: [-2.4086243333333366, 0.14400081666666648, 3.0565172797092646], Velocity: [0.48206767361859365, 2.4899884436264936, -14.142503441697691]
Position: [0.20936376674604254, 1.0822707655716588, 90.29776423583846], Rotation: [-2.4379833833333366, 0.14500273333333313, 3.0565172797092646], Velocity: [0.4818186749115561, 2.4886989245398348, -14.284182652282874]
Position: [0.21739407799456847, 1.123749080980656, 90.05696952496707], Rotation: [-2.4673424333333367, 0.1460046499999998, 3.0565172797092646], Velocity: [0.48156967620451857, 2.487409405453176, -14.425861862868057]
Position: [0.22542023926464377, 1.1652059044048757, 89.81381349391927], Rotation: [-2.4967014833333367, 0.14700656666666645, 3.0565172797092646], Velocity: [0.48132067749748103, 2.486119886366517, -14.56754107345324]
Position: [0.23344225055626847, 1.2066412358443177, 89.56829614269505], Rotation: [-2.526060533333337, 0.1480084833333331, 3.0565172797092646], Velocity: [0.4810716787904435, 2.484830367279858, -14.709220284038423]
Position: [0.24146011186944252, 1.248055075298982, 89.3204174712944], Rotation: [-2.555419583333337, 0.14901039999999977, 3.0565172797092646], Velocity: [0.48082268008340595, 2.4835408481931993, -14.850899494623606]
Position: [0.24947382320416595, 1.2894474227688688, 89.07017747971734], Rotation: [-2.584778633333337, 0.15001231666666642, 3.0565172797092646], Velocity: [0.4805736813763684, 2.4822513291065404, -14.992578705208789]
Position: [0.25748338456043873, 1.330818278253978, 88.81757616796386], Rotation: [-2.614137683333337, 0.15101423333333308, 3.0565172797092646], Velocity: [0.48032468266933087, 2.4809618100198816, -15.134257915793972]
Position: [0.2654887959382609, 1.3721676417543094, 88.56261353603396], Rotation: [-2.643496733333337, 0.15201614999999974, 3.0565172797092646], Velocity: [0.48007568396229333, 2.4796722909332227, -15.275937126379155]
Position: [0.2734900573376325, 1.413495513269863, 88.30528958392765], Rotation: [-2.672855783333337, 0.1530180666666664, 3.0565172797092646], Velocity: [0.4798266852552558, 2.478382771846564, -15.417616336964338]
Position: [0.2814871687585534, 1.454801892800639, 88.04560431164491], Rotation: [-2.702214833333337, 0.15401998333333305, 3.0565172797092646], Velocity: [0.47957768654821825, 2.477093252759905, -15.559295547549521]
Position: [0.2894801302010237, 1.4960867803466373, 87.78355771918575], Rotation: [-2.731573883333337, 0.1550218999999997, 3.0565172797092646], Velocity: [0.4793286878411807, 2.475803733673246, -15.700974758134704]
Position: [0.2974689416650434, 1.537350175907858, 87.51914980655017], Rotation: [-2.7609329333333372, 0.15602381666666637, 3.0565172797092646], Velocity: [0.47907968913414317, 2.4745142145865873, -15.842653968719887]
Position: [0.30545360315061243, 1.5785920794843011, 87.25238057373818], Rotation: [-2.7902919833333373, 0.15702573333333303, 3.0565172797092646], Velocity: [0.47883069042710563, 2.4732246954999284, -15.98433317930507]
Position: [0.31343411465773086, 1.6198124910759666, 86.98325002074976], Rotation: [-2.8196510333333373, 0.1580276499999997, 3.0565172797092646], Velocity: [0.4785816917200681, 2.4719351764132695, -16.126012389890253]
Position: [0.3214104761863987, 1.6610114106828544, 86.71175814758493], Rotation: [-2.8490100833333374, 0.15902956666666634, 3.0565172797092646], Velocity: [0.47833269301303055, 2.4706456573266107, -16.267691600475437]
Position: [0.32938268773661583, 1.7021888383049646, 86.43790495424368], Rotation: [-2.8783691333333374, 0.160031483333333, 3.0565172797092646], Velocity: [0.478083694305993, 2.469356138239952, -16.409370811060622]
Position: [0.3373507493083824, 1.7433447739422971, 86.161690440726], Rotation: [-2.9077281833333375, 0.16103339999999966, 3.0565172797092646], Velocity: [0.4778346955989555, 2.468066619153293, -16.551050021645807]
Position: [0.3453146609016983, 1.784479217594852, 85.88311460703191], Rotation: [-2.9370872333333375, 0.16203531666666632, 3.0565172797092646], Velocity: [0.47758569689191793, 2.466777100066634, -16.69272923223099]
Position: [0.3532744225165636, 1.8255921692626293, 85.6021774531614], Rotation: [-2.9664462833333376, 0.16303723333333298, 3.0565172797092646], Velocity: [0.4773366981848804, 2.4654875809799752, -16.834408442816176]
Position: [0.3612300341529783, 1.866683628945629, 85.31887897911447], Rotation: [-2.995795750000004, 0.19839178333333296, 3.0565172797092646], Velocity: [0.45945461318766284, 2.3725926032816163, -17.055970536376904]
Position: [0.36888761103943934, 1.9062268390003225, 85.0318878035082], Rotation: [-3.0251452166666706, 0.23374633333333295, 3.0565172797092646], Velocity: [0.4415725281904453, 2.2796976255832573, -17.27753262993763]
Position: [0.37624715317594676, 1.9442217994267101, 84.74120392634256], Rotation: [-3.054494683333337, 0.26910088333333293, 3.0565172797092646], Velocity: [0.42369044319322774, 2.1868026478848983, -17.49909472349836]
Position: [0.38330866056250057, 1.9806685102247918, 84.44682734761759], Rotation: [-3.0838441500000036, 0.3044554333333329, 3.0565172797092646], Velocity: [0.4058083581960102, 2.0939076701865393, -17.720656817059087]
Position: [0.3900721331991007, 2.0155669713945676, 84.14875806733326], Rotation: [-3.11319361666667, 0.3398099833333329, 3.0565172797092646], Velocity: [0.38792627319879264, 2.0010126924881804, -17.942218910619815]
Position: [0.3965375710857473, 2.0489171829360373, 83.8469960854896], Rotation: [-3.1425430833333365, 0.3751645333333329, 3.0565172797092646], Velocity: [0.3700441882015751, 1.9081177147898212, -18.163781004180542]
Position: [0.40270497422244017, 2.080719144849201, 83.54154140208658], Rotation: [-3.171892550000003, 0.41051908333333287, 3.0565172797092646], Velocity: [0.35216210320435754, 1.815222737091462, -18.38534309774127]
Position: [0.40857434260917946, 2.1109728571340587, 83.23239401712422], Rotation: [-3.2012420166666695, 0.44587363333333285, 3.0565172797092646], Velocity: [0.33428001820714, 1.7223277593931028, -18.606905191301998]
Position: [0.41414567624596516, 2.1396783197906104, 82.91955393060252], Rotation: [-3.230591483333336, 0.48122818333333284, 3.0565172797092646], Velocity: [0.31639793320992243, 1.6294327816947436, -18.828467284862725]
Position: [0.4194189751327972, 2.166835532818856, 82.60302114252147], Rotation: [-3.2599409500000025, 0.5165827333333328, 3.0565172797092646], Velocity: [0.2985158482127049, 1.5365378039963844, -19.050029378423453]
Position: [0.4243942392696756, 2.192444496218796, 82.28279565288108], Rotation: [-3.289290416666669, 0.5519372833333328, 3.0565172797092646], Velocity: [0.28063376321548733, 1.4436428262980252, -19.27159147198418]
Position: [0.4290714686566004, 2.2165052099904297, 81.95887746168134], Rotation: [-3.3186398833333355, 0.5872918333333328, 3.0565172797092646], Velocity: [0.2627516782182698, 1.350747848599666, -19.493153565544908]
Position: [0.43345066329357157, 2.2390176741337573, 81.63126656892226], Rotation: [-3.347989350000002, 0.6226463833333328, 3.0565172797092646], Velocity: [0.24486959322105226, 1.2578528709013068, -19.714715659105636]
Position: [0.4375318231805891, 2.2599818886487792, 81.29996297460383], Rotation: [-3.3773388166666685, 0.6580009333333328, 3.0565172797092646], Velocity: [0.22698750822383473, 1.1649578932029476, -19.936277752666363]
Position: [0.441314948317653, 2.279397853535495, 80.96496667872606], Rotation: [-3.406688283333335, 0.6933554833333327, 3.0565172797092646], Velocity: [0.2091054232266172, 1.0720629155045884, -20.15783984622709]
Position: [0.4448000387047633, 2.2972655687939048, 80.62627768128894], Rotation: [-3.4360377500000014, 0.7287100333333327, 3.0565172797092646], Velocity: [0.1912233382293997, 0.9791679378062293, -20.37940193978782]
Position: [0.44798709434191997, 2.3135850344240088, 80.28389598229248], Rotation: [-3.465387216666668, 0.7640645833333327, 3.0565172797092646], Velocity: [0.17334125323218216, 0.8862729601078703, -20.600964033348546]
Position: [0.450876115229123, 2.3283562504258066, 79.93782158173667], Rotation: [-3.4947366833333344, 0.7994191333333327, 3.0565172797092646], Velocity: [0.15545916823496464, 0.7933779824095112, -20.822526126909274]
Position: [0.4534671013663724, 2.3415792167992984, 79.58805447962152], Rotation: [-3.524086150000001, 0.8347736833333327, 3.0565172797092646], Velocity: [0.13757708323774712, 0.7004830047111521, -21.04408822047]
Position: [0.4557600527536682, 2.3532539335444844, 79.23459467594702], Rotation: [-3.5534356166666674, 0.8701282333333327, 3.0565172797092646], Velocity: [0.1196949982405296, 0.607588027012793, -21.26565031403073]
Position: [0.45775496939101035, 2.3633804006613643, 78.87744217071318], Rotation: [-3.582785083333334, 0.9054827833333327, 3.0565172797092646], Velocity: [0.10181291324331207, 0.5146930493144339, -21.487212407591457]
Position: [0.4594518512783989, 2.371958618149938, 78.51659696392], Rotation: [-3.6121345500000004, 0.9408373333333326, 3.0565172797092646], Velocity: [0.08393082824609455, 0.42179807161607485, -21.708774501152185]
Position: [0.4608506984158338, 2.3789885860102062, 78.15205905556746], Rotation: [-3.641484016666667, 0.9761918833333326, 3.0565172797092646], Velocity: [0.06604874324887702, 0.32890309391771577, -21.930336594712912]
Position: [0.4619515108033151, 2.384470304242168, 77.78382844565559], Rotation: [-3.6708334833333334, 1.0115464333333326, 3.0565172797092646], Velocity: [0.04816665825165949, 0.23600811621935666, -22.15189868827364]
Position: [0.46275428844084276, 2.388403772845824, 77.41190513418437], Rotation: [-3.70018295, 1.0469009833333327, 3.0565172797092646], Velocity: [0.030284573254441963, 0.14311313852099755, -22.373460781834368]
Position: [0.4632590313284168, 2.390788991821174, 77.0362891211538], Rotation: [-3.7295324166666664, 1.0822555333333328, 3.0565172797092646], Velocity: [0.012402488257224432, 0.05021816082263844, -22.595022875395095]
Position: [0.4634657394660372, 2.3916259611682182, 76.65698040656387], Rotation: [-3.758881883333333, 1.117610083333333, 3.0565172797092646], Velocity: [-0.005479596739993098, -0.04267681687572067, -22.816584968955823]
Position: [0.46337441285370395, 2.390914680886956, 76.2739789904146], Rotation: [-3.7882313499999993, 1.152964633333333, 3.0565172797092646], Velocity: [-0.023361681737210628, -0.13557179457407978, -23.03814706251655]
Position: [0.4629850514914171, 2.3886551509773883, 75.88728487270599], Rotation: [-3.817580816666666, 1.188319183333333, 3.0565172797092646], Velocity: [-0.04124376673442816, -0.2284667722724389, -23.259709156077278]
Position: [0.46229765537917666, 2.3848473714395144, 75.49689805343803], Rotation: [-3.8469302833333323, 1.2236737333333332, 3.0565172797092646], Velocity: [-0.05912585173164569, -0.321361749970798, -23.481271249638006]
Position: [0.46131222451698256, 2.3794913422733344, 75.10281853261073], Rotation: [-3.876279749999999, 1.2590282833333333, 3.0565172797092646], Velocity: [-0.07700793672886322, -0.4142567276691571, -23.702833343198733]
Position: [0.46002875890483486, 2.3725870634788486, 74.70504631022408], Rotation: [-3.905619633333332, 1.2240093166666666, 3.0565172797092646], Velocity: [-0.07105202791489386, -0.38322046727927606, -23.88486433298418]
Position: [0.4588445584395866, 2.366200055690861, 74.30424023800768], Rotation: [-3.9349595166666655, 1.1889903499999999, 3.0565172797092646], Velocity: [-0.0650961191009245, -0.352184206889395, -24.066895322769625]
Position: [0.45775962312123786, 2.360330318909371, 73.90040031596152], Rotation: [-3.964299399999999, 1.1539713833333332, 3.0565172797092646], Velocity: [-0.05914021028695514, -0.32114794649951395, -24.24892631255507]
Position: [0.4567739529497886, 2.3549778531343795, 73.4935265440856], Rotation: [-3.9936392833333323, 1.1189524166666664, 3.0565172797092646], Velocity: [-0.05318430147298578, -0.2901116861096329, -24.430957302340516]
Position: [0.45588754792523883, 2.3501426583658858, 73.08361892237993], Rotation: [-4.022979166666666, 1.0839334499999997, 3.0565172797092646], Velocity: [-0.04722839265901642, -0.25907542571975184, -24.612988292125962]
Position: [0.45510040804758856, 2.34582473460389, 72.6706774508445], Rotation: [-4.052319049999999, 1.048914483333333, 3.0565172797092646], Velocity: [-0.04127248384504706, -0.22803916532987076, -24.795019281911408]
Position: [0.4544125333168378, 2.3420240818483924, 72.2547021294793], Rotation: [-4.0816589333333315, 1.0138955166666663, 3.0565172797092646], Velocity: [-0.0353165750310777, -0.19700290493998968, -24.977050271696854]
Position: [0.45382392373298647, 2.3387407000993927, 71.83569295828435], Rotation: [-4.1109988166666644, 0.9788765499999996, 3.0565172797092646], Velocity: [-0.029360666217108335, -0.1659666445501086, -25.1590812614823]
Position: [0.45333457929603466, 2.335974589356891, 71.41364993725965], Rotation: [-4.140338699999997, 0.9438575833333329, 3.0565172797092646], Velocity: [-0.023404757403138972, -0.1349303841602275, -25.341112251267745]
Position: [0.45294450000598235, 2.3337257496208874, 70.98857306640518], Rotation: [-4.16967858333333, 0.9088386166666662, 3.0565172797092646], Velocity: [-0.01744884858916961, -0.10389412377034644, -25.52314324105319]
Position: [0.4526536858628295, 2.3319941808913818, 70.56046234572096], Rotation: [-4.199018466666663, 0.8738196499999995, 3.0565172797092646], Velocity: [-0.011492939775200245, -0.07285786338046538, -25.705174230838637]
Position: [0.45246213686657616, 2.330779883168374, 70.12931777520699], Rotation: [-4.228358349999996, 0.8388006833333328, 3.0565172797092646], Velocity: [-0.005537030961230882, -0.04182160299058431, -25.887205220624082]
Position: [0.4523698530172223, 2.3300828564518645, 69.69513935486324], Rotation: [-4.257698233333329, 0.8037817166666661, 3.0565172797092646], Velocity: [0.0004188778527384803, -0.010785342600703237, -26.069236210409528]
Position: [0.45237683431476794, 2.329903100741853, 69.25792708468975], Rotation: [-4.287038116666662, 0.7687627499999994, 3.0565172797092646], Velocity: [0.006374786666707843, 0.020250917789177834, -26.251267200194974]
Position: [0.45248308075921306, 2.3302406160383393, 68.8176809646865], Rotation: [-4.316377999999995, 0.7337437833333327, 3.0565172797092646], Velocity: [0.012330695480677206, 0.05128717817905891, -26.43329818998042]
Position: [0.4526885923505577, 2.3310954023413237, 68.3744009948535], Rotation: [-4.345717883333328, 0.698724816666666, 3.0565172797092646], Velocity: [0.01828660429464657, 0.08232343856893998, -26.615329179765865]
Position: [0.4529933690888018, 2.332467459650806, 67.92808717519074], Rotation: [-4.375057766666661, 0.6637058499999993, 3.0565172797092646], Velocity: [0.024242513108615932, 0.11335969895882105, -26.79736016955131]
Position: [0.45339741097394537, 2.3343567879667866, 67.47873950569821], Rotation: [-4.404397649999994, 0.6286868833333326, 3.0565172797092646], Velocity: [0.030198421922585296, 0.1443959593487021, -26.979391159336757]
Position: [0.45390071800598847, 2.336763387289265, 67.02635798637594], Rotation: [-4.433737533333327, 0.5936679166666659, 3.0565172797092646], Velocity: [0.036154330736554656, 0.1754322197385832, -27.161422149122203]
Position: [0.454503290184931, 2.3396872576182415, 66.5709426172239], Rotation: [-4.46307741666666, 0.5586489499999991, 3.0565172797092646], Velocity: [0.042110239550524016, 0.20646848012846428, -27.34345313890765]
Position: [0.4552051275107731, 2.343128398953716, 66.11249339824211], Rotation: [-4.4924172999999925, 0.5236299833333324, 3.0565172797092646], Velocity: [0.048066148364493376, 0.23750474051834536, -27.525484128693094]
Position: [0.45600622998351464, 2.3470868112956884, 65.65101032943056], Rotation: [-4.521757183333325, 0.4886110166666658, 3.0565172797092646], Velocity: [0.054022057178462736, 0.2685410009082264, -27.70751511847854]
Position: [0.45690659760315566, 2.351562494644159, 65.18649341078925], Rotation: [-4.551097066666658, 0.45359204999999914, 3.0565172797092646], Velocity: [0.059977965992432096, 0.29957726129810747, -27.889546108263986]
Position: [0.4579062303696962, 2.3565554489991274, 64.71894264231818], Rotation: [-4.580436949999991, 0.4185730833333325, 3.0565172797092646], Velocity: [0.06593387480640146, 0.3306135216879885, -28.07157709804943]
Position: [0.4590051282831362, 2.362065674360594, 64.24835802401736], Rotation: [-4.609776833333324, 0.38355411666666583, 3.0565172797092646], Velocity: [0.07188978362037082, 0.3616497820778696, -28.253608087834877]
Position: [0.46020329134347576, 2.3680931707285584, 63.77473955588678], Rotation: [-4.639116716666657, 0.3485351499999992, 3.0565172797092646], Velocity: [0.07784569243434018, 0.39268604246775063, -28.435639077620323]
Position: [0.46150071955071476, 2.374637938103021, 63.298087237926445], Rotation: [-4.66845659999999, 0.31351618333333253, 3.0565172797092646], Velocity: [0.08380160124830954, 0.4237223028576317, -28.61767006740577]
Position: [0.46289741290485326, 2.3816999764839815, 62.818401070136346], Rotation: [-4.697796483333323, 0.2784972166666659, 3.0565172797092646], Velocity: [0.0897575100622789, 0.45475856324751274, -28.799701057191214]
Position: [0.46439337140589126, 2.38927928587144, 62.33568105251649], Rotation: [-4.727136366666656, 0.2434782499999992, 3.0565172797092646], Velocity: [0.09571341887624826, 0.4857948236373938, -28.98173204697666]
Position: [0.4659885950538287, 2.3973758662653966, 61.84992718506688], Rotation: [-4.756476249999989, 0.20845928333333252, 3.0565172797092646], Velocity: [0.10166932769021762, 0.5168310840272748, -29.163763036762106]
Position: [0.4676830838486657, 2.405989717665851, 61.36113946778752], Rotation: [-4.785816133333322, 0.17344031666666584, 3.0565172797092646], Velocity: [0.10762523650418698, 0.5478673444171559, -29.34579402654755]
Position: [0.46947683779040217, 2.4151208400728037, 60.86931790067839], Rotation: [-4.815156016666655, 0.13842134999999917, 3.0565172797092646], Velocity: [0.11358114531815634, 0.578903604807037, -29.527825016332997]
Position: [0.4713698568790381, 2.4247692334862543, 60.37446248373951], Rotation: [-4.844483116666654, 0.13775181666666583, 3.0565172797092646], Velocity: [0.1145292977267327, 0.5838649872082115, -29.565654112760132]
Position: [0.47327867850781696, 2.434500316606391, 59.87897658186017], Rotation: [-4.873810216666654, 0.1370822833333325, 3.0565172797092646], Velocity: [0.11547745013530906, 0.588826369609386, -29.603483209187267]
Position: [0.47520330267673877, 2.4443140894332145, 59.38286019504039], Rotation: [-4.903137316666654, 0.13641274999999917, 3.0565172797092646], Velocity: [0.11642560254388543, 0.5937877520105604, -29.641312305614402]
Position: [0.4771437293858035, 2.4542105519667237, 58.88611332328015], Rotation: [-4.932464416666654, 0.13574321666666583, 3.0565172797092646], Velocity: [0.11737375495246179, 0.5987491344117349, -29.679141402041537]
Position: [0.4790999586350112, 2.464189704206919, 58.38873596657946], Rotation: [-4.961791516666653, 0.1350736833333325, 3.0565172797092646], Velocity: [0.11832190736103815, 0.6037105168129094, -29.716970498468672]
Position: [0.48107199042436183, 2.474251546153801, 57.89072812493831], Rotation: [-4.991118616666653, 0.13440414999999917, 3.0565172797092646], Velocity: [0.11927005976961451, 0.6086718992140839, -29.754799594895808]
Position: [0.4830598247538554, 2.4843960778073693, 57.392089798356714], Rotation: [-5.020445716666653, 0.13373461666666583, 3.0565172797092646], Velocity: [0.12021821217819087, 0.6136332816152584, -29.792628691322943]
Position: [0.4850634616234919, 2.4946232991676234, 56.892820986834664], Rotation: [-5.0497728166666525, 0.1330650833333325, 3.0565172797092646], Velocity: [0.12116636458676723, 0.6185946640164329, -29.830457787750078]
Position: [0.48708290103327134, 2.504933210234564, 56.39292169037216], Rotation: [-5.079099916666652, 0.13239554999999917, 3.0565172797092646], Velocity: [0.12211451699534359, 0.6235560464176074, -29.868286884177213]
Position: [0.4891181429831937, 2.5153258110081906, 55.89239190896921], Rotation: [-5.108427016666652, 0.13172601666666583, 3.0565172797092646], Velocity: [0.12306266940391995, 0.6285174288187819, -29.906115980604348]
Position: [0.49116918747325905, 2.525801101488504, 55.391231642625804], Rotation: [-5.137754116666652, 0.1310564833333325, 3.0565172797092646], Velocity: [0.12401082181249631, 0.6334788112199564, -29.943945077031483]
Position: [0.4932360345034673, 2.5363590816755033, 54.88944089134195], Rotation: [-5.167081216666651, 0.13038694999999917, 3.0565172797092646], Velocity: [0.12495897422107267, 0.6384401936211309, -29.981774173458618]
Position: [0.4953186840738185, 2.5469997515691887, 54.38701965511764], Rotation: [-5.196408316666651, 0.12971741666666584, 3.0565172797092646], Velocity: [0.12590712662964904, 0.6434015760223054, -30.019603269885753]
Position: [0.49741713618431266, 2.5577231111695604, 53.88396793395288], Rotation: [-5.225735416666651, 0.1290478833333325, 3.0565172797092646], Velocity: [0.1268552790382254, 0.6483629584234799, -30.057432366312888]
Position: [0.49953139083494974, 2.5685291604766185, 53.380285727847664], Rotation: [-5.2550625166666505, 0.12837834999999917, 3.0565172797092646], Velocity: [0.12780343144680179, 0.6533243408246544, -30.095261462740023]
Position: [0.5016614480257298, 2.579417899490363, 52.875973036801994], Rotation: [-5.28438961666665, 0.12770881666666584, 3.0565172797092646], Velocity: [0.12875158385537816, 0.6582857232258289, -30.133090559167158]
Position: [0.5038073077566527, 2.5903893282107933, 52.371029860815874], Rotation: [-5.31371671666665, 0.1270392833333325, 3.0565172797092646], Velocity: [0.12969973626395453, 0.6632471056270034, -30.170919655594293]
Position: [0.5059689700277187, 2.60144344663791, 51.8654561998893], Rotation: [-5.34304381666665, 0.12636974999999917, 3.0565172797092646], Velocity: [0.1306478886725309, 0.6682084880281779, -30.208748752021428]
Position: [0.5081464348389275, 2.612580254771713, 51.35925205402228], Rotation: [-5.372370916666649, 0.12570021666666584, 3.0565172797092646], Velocity: [0.13159604108110728, 0.6731698704293524, -30.246577848448563]
Position: [0.5103397021902794, 2.6237997526122023, 50.8524174232148], Rotation: [-5.401698016666649, 0.1250306833333325, 3.0565172797092646], Velocity: [0.13254419348968366, 0.6781312528305269, -30.2844069448757]
Position: [0.5125487720817741, 2.6351019401593776, 50.344952307466876], Rotation: [-5.431025116666649, 0.12436114999999917, 3.0565172797092646], Velocity: [0.13349234589826003, 0.6830926352317014, -30.322236041302833]
Position: [0.5147736445134118, 2.646486817413239, 49.8368567067785], Rotation: [-5.4603522166666485, 0.12369161666666584, 3.0565172797092646], Velocity: [0.1344404983068364, 0.6880540176328759, -30.36006513772997]
Position: [0.5170143194851924, 2.657954384373787, 49.32813062114967], Rotation: [-5.489679316666648, 0.1230220833333325, 3.0565172797092646], Velocity: [0.13538865071541278, 0.6930154000340504, -30.397894234157103]
Position: [0.519270796997116, 2.6695046410410215, 48.81877405058038], Rotation: [-5.519006416666648, 0.12235254999999917, 3.0565172797092646], Velocity: [0.13633680312398916, 0.6979767824352249, -30.43572333058424]
Position: [0.5215430770491825, 2.6811375874149417, 48.30878699507064], Rotation: [-5.548333516666648, 0.12168301666666584, 3.0565172797092646], Velocity: [0.13728495553256553, 0.7029381648363994, -30.473552427011374]
Position: [0.5238311596413919, 2.6928532234955482, 47.79816945462045], Rotation: [-5.577660616666647, 0.1210134833333325, 3.0565172797092646], Velocity: [0.1382331079411419, 0.7078995472375739, -30.51138152343851]
Position: [0.5261350447737443, 2.704651549282841, 47.28692142922981], Rotation: [-5.606987716666647, 0.12034394999999917, 3.0565172797092646], Velocity: [0.13918126034971828, 0.7128609296387484, -30.549210619865644]
Position: [0.5284547324462396, 2.7165325647768204, 46.77504291889871], Rotation: [-5.636314816666647, 0.11967441666666584, 3.0565172797092646], Velocity: [0.14012941275829466, 0.7178223120399229, -30.58703971629278]
Position: [0.5307902226588779, 2.728496269977486, 46.26253392362717], Rotation: [-5.6656419166666465, 0.1190048833333325, 3.0565172797092646], Velocity: [0.14107756516687103, 0.7227836944410974, -30.624868812719914]
Position: [0.5331415154116591, 2.7405426648848374, 45.74939444341517], Rotation: [-5.694969016666646, 0.11833534999999917, 3.0565172797092646], Velocity: [0.1420257175754474, 0.7277450768422719, -30.66269790914705]
Position: [0.5355086107045832, 2.7526717494988753, 45.23562447826272], Rotation: [-5.724296116666646, 0.11766581666666584, 3.0565172797092646], Velocity: [0.14297386998402378, 0.7327064592434464, -30.700527005574184]
Position: [0.5378915085376503, 2.7648835238195995, 44.72122402816982], Rotation: [-5.753623216666646, 0.11699628333333251, 3.0565172797092646], Velocity: [0.14392202239260016, 0.7376678416446208, -30.73835610200132]
Position: [0.5402902089108603, 2.77717798784701, 44.20619309313646], Rotation: [-5.782940716666646, 0.15067936666666584, 3.0565172797092646], Velocity: [0.13526044679705135, 0.6922025266422313, -30.924224119300145]
Position: [0.5425445496908112, 2.7887146966243805, 43.688064357814795], Rotation: [-5.812258216666646, 0.18436244999999918, 3.0565172797092646], Velocity: [0.12659887120150254, 0.6467372116398417, -31.110092136598972]
Position: [0.5446545308775029, 2.799493650151711, 43.16683782220481], Rotation: [-5.841575716666647, 0.21804553333333251, 3.0565172797092646], Velocity: [0.11793729560595374, 0.6012718966374521, -31.2959601538978]
Position: [0.5466201524709355, 2.8095148484290022, 42.64251348630651], Rotation: [-5.870893216666647, 0.25172861666666585, 3.0565172797092646], Velocity: [0.10927572001040495, 0.5558065816350625, -31.481828171196625]
Position: [0.548441414471109, 2.8187782914562534, 42.115091350119904], Rotation: [-5.900210716666647, 0.28541169999999916, 3.0565172797092646], Velocity: [0.10061414441485615, 0.5103412666326729, -31.66769618849545]
Position: [0.5501183168780233, 2.8272839792334645, 41.58457141364498], Rotation: [-5.929528216666648, 0.3190947833333325, 3.0565172797092646], Velocity: [0.09195256881930736, 0.4648759516302833, -31.853564205794278]
Position: [0.5516508596916784, 2.8350319117606357, 41.05095367688174], Rotation: [-5.958845716666648, 0.3527778666666659, 3.0565172797092646], Velocity: [0.08329099322375856, 0.4194106366278937, -32.03943222309311]
Position: [0.5530390429120744, 2.8420220890377674, 40.51423813983019], Rotation: [-5.988163216666648, 0.38646094999999925, 3.0565172797092646], Velocity: [0.07462941762820977, 0.3739453216255041, -32.22530024039194]
Position: [0.5542828665392112, 2.848254511064859, 39.974424802490326], Rotation: [-6.017480716666649, 0.4201440333333326, 3.0565172797092646], Velocity: [0.06596784203266097, 0.3284800066231145, -32.41116825769077]
Position: [0.555382330573089, 2.853729177841911, 39.431513664862145], Rotation: [-6.046798216666649, 0.453827116666666, 3.0565172797092646], Velocity: [0.057306266437112174, 0.2830146916207249, -32.5970362749896]
Position: [0.5563374350137075, 2.858446089368923, 38.885504726945655], Rotation: [-6.076115716666649, 0.48751019999999934, 3.0565172797092646], Velocity: [0.04864469084156338, 0.23754937661833528, -32.78290429228843]
Position: [0.5571481798610669, 2.8624052456458955, 38.33639798874085], Rotation: [-6.10543321666665, 0.5211932833333327, 3.0565172797092646], Velocity: [0.03998311524601458, 0.19208406161594566, -32.96877230958726]
Position: [0.5578145651151671, 2.865606646672828, 37.78419345024773], Rotation: [-6.13475071666665, 0.5548763666666661, 3.0565172797092646], Velocity: [0.03132153965046579, 0.14661874661355603, -33.15464032688609]
Position: [0.5583365907760083, 2.8680502924497207, 37.22889111146629], Rotation: [-6.16406821666665, 0.5885594499999994, 3.0565172797092646], Velocity: [0.022659964054916992, 0.10115343161116641, -33.34050834418492]
Position: [0.5587142568435902, 2.8697361829765735, 36.67049097239654], Rotation: [-6.193385716666651, 0.6222425333333328, 3.0565172797092646], Velocity: [0.013998388459368197, 0.05568811660877679, -33.52637636148375]
Position: [0.5589475633179131, 2.8706643182533864, 36.10899303303848], Rotation: [-6.222703216666651, 0.6559256166666662, 3.0565172797092646], Velocity: [0.005336812863819401, 0.010222801606387166, -33.71224437878258]
Position: [0.5590365101989767, 2.8708346982801594, 35.5443972933921], Rotation: [-6.252020716666651, 0.6896086999999995, 3.0565172797092646], Velocity: [-0.0033247627317293943, -0.035242513396002456, -33.89811239608141]
Position: [0.5589810974867813, 2.870247323056893, 34.976703753457414], Rotation: [-6.281338216666652, 0.7232917833333329, 3.0565172797092646], Velocity: [-0.01198633832727819, -0.08070782839839208, -34.08398041338024]
Position: [0.5587813251813266, 2.8689021925835863, 34.40591241323441], Rotation: [-6.310655716666652, 0.7569748666666662, 3.0565172797092646], Velocity: [-0.020647913922826985, -0.1261731434007817, -34.26984843067907]
Position: [0.5584371932826129, 2.8667993068602398, 33.83202327272309], Rotation: [-6.339973216666652, 0.7906579499999996, 3.0565172797092646], Velocity: [-0.02930948951837578, -0.17163845840317132, -34.4557164479779]
Position: [0.5579487017906399, 2.8639386658868538, 33.25503633192346], Rotation: [-6.369290716666653, 0.824341033333333, 3.0565172797092646], Velocity: [-0.037971065113924576, -0.21710377340556095, -34.64158446527673]
Position: [0.5573158507054079, 2.860320269663428, 32.67495159083552], Rotation: [-6.398608216666653, 0.8580241166666663, 3.0565172797092646], Velocity: [-0.04663264070947337, -0.26256908840795057, -34.82745248257556]
Position: [0.5565386400269167, 2.855944118189962, 32.09176904945926], Rotation: [-6.427925716666653, 0.8917071999999997, 3.0565172797092646], Velocity: [-0.05529421630502217, -0.30803440341034016, -35.01332049987439]
Position: [0.5556170697551663, 2.850810211466456, 31.505488707794687], Rotation: [-6.457243216666654, 0.9253902833333331, 3.0565172797092646], Velocity: [-0.06395579190057096, -0.35349971841272976, -35.19918851717322]
Position: [0.5545511398901568, 2.8449185494929106, 30.916110565841798], Rotation: [-6.486560716666654, 0.9590733666666664, 3.0565172797092646], Velocity: [-0.07261736749611976, -0.39896503341511935, -35.38505653447205]
Position: [0.5533408504318882, 2.838269132269325, 30.323634623600597], Rotation: [-6.515878216666654, 0.9927564499999998, 3.0565172797092646], Velocity: [-0.08127894309166855, -0.44443034841750895, -35.57092455177088]
Position: [0.5519862013803604, 2.8308619597957, 29.728060881071084], Rotation: [-6.545195716666655, 1.0264395333333332, 3.0565172797092646], Velocity: [-0.08994051868721735, -0.48989566341989854, -35.75679256906971]
Position: [0.5504871927355734, 2.822697032072035, 29.129389338253254], Rotation: [-6.574513216666655, 1.0601226166666664, 3.0565172797092646], Velocity: [-0.09860209428276615, -0.5353609784222881, -35.94266058636854]
Position: [0.5488438244975273, 2.8137743490983302, 28.527619995147113], Rotation: [-6.603830716666655, 1.0938056999999997, 3.0565172797092646], Velocity: [-0.10726366987831494, -0.5808262934246777, -36.12852860366737]
Position: [0.5470560966662221, 2.8040939108745855, 27.922752851752655], Rotation: [-6.6331482166666556, 1.127488783333333, 3.0565172797092646], Velocity: [-0.11592524547386374, -0.6262916084270673, -36.3143966209662]
Position: [0.5451240092416577, 2.793655717400801, 27.314787908069885], Rotation: [-6.662465716666656, 1.1611718666666662, 3.0565172797092646], Velocity: [-0.12458682106941253, -0.6717569234294569, -36.50026463826503]
Position: [0.5430475622238342, 2.782459768676977, 26.703725164098802], Rotation: [-6.691783216666656, 1.1948549499999994, 3.0565172797092646], Velocity: [-0.13324839666496133, -0.7172222384318465, -36.68613265556386]
Position: [0.5408267556127515, 2.770506064703113, 26.089564619839404], Rotation: [-6.7210911333333225, 1.1581645333333328, 3.0565172797092646], Velocity: [-0.11206988663313243, -0.6057057570472093, -36.93250360559509]
Position: [0.5389589241688659, 2.760410968752326, 25.471297893079488], Rotation: [-6.750399049999989, 1.1214741166666662, 3.0565172797092646], Velocity: [-0.09089137660130353, -0.49418927566257215, -37.178874555626315]
Position: [0.5374440678921776, 2.7521744808246167, 24.84892498381905], Rotation: [-6.779706966666655, 1.0847836999999996, 3.0565172797092646], Velocity: [-0.06971286656947463, -0.382672794277935, -37.42524550565754]
Position: [0.5362821867826864, 2.7457966009199843, 24.22244589205809], Rotation: [-6.8090148833333215, 1.048093283333333, 3.0565172797092646], Velocity: [-0.048534356537645734, -0.27115631289329784, -37.67161645568877]
Position: [0.5354732808403923, 2.7412773290384296, 23.59186061779661], Rotation: [-6.838322799999988, 1.0114028666666663, 3.0565172797092646], Velocity: [-0.027355846505816832, -0.15963983150866068, -37.91798740572]
Position: [0.5350173500652953, 2.738616665179952, 22.95716916103461], Rotation: [-6.867630716666654, 0.9747124499999997, 3.0565172797092646], Velocity: [-0.006177336473987931, -0.04812335012402351, -38.164358355751226]
Position: [0.5349143944573955, 2.7378146093445515, 22.31837152177209], Rotation: [-6.8969386333333205, 0.9380220333333331, 3.0565172797092646], Velocity: [0.015001173557840971, 0.06339313126061366, -38.41072930578245]
Position: [0.5351644140166929, 2.7388711615322285, 21.675467700009047], Rotation: [-6.926246549999987, 0.9013316166666665, 3.0565172797092646], Velocity: [0.03617968358966987, 0.17490961264525084, -38.65710025581368]
Position: [0.5357674087431874, 2.7417863217429828, 21.028457695745487], Rotation: [-6.955554466666653, 0.8646411999999999, 3.0565172797092646], Velocity: [0.05735819362149877, 0.286426094029888, -38.90347120584491]
Position: [0.536723378636879, 2.746560089976814, 20.377341508981406], Rotation: [-6.984862383333319, 0.8279507833333333, 3.0565172797092646], Velocity: [0.07853670365332767, 0.39794257541452516, -39.14984215587614]
Position: [0.5380323236977678, 2.753192466233723, 19.722119139716803], Rotation: [-7.014170299999986, 0.7912603666666667, 3.0565172797092646], Velocity: [0.09971521368515657, 0.5094590567991624, -39.396213105907364]
Position: [0.5396942439258537, 2.761683450513709, 19.06279058795168], Rotation: [-7.043478216666652, 0.75456995, 3.0565172797092646], Velocity: [0.12089372371698547, 0.6209755381837996, -39.64258405593859]
Position: [0.5417091393211368, 2.7720330428167723, 18.39935585368604], Rotation: [-7.072786133333318, 0.7178795333333334, 3.0565172797092646], Velocity: [0.14207223374881436, 0.7324920195684368, -39.88895500596982]
Position: [0.5440770098836171, 2.784241243142913, 17.731814936919875], Rotation: [-7.102094049999985, 0.6811891166666668, 3.0565172797092646], Velocity: [0.16325074378064328, 0.844008500953074, -40.13532595600105]
Position: [0.5467978556132944, 2.798308051492131, 17.06016783765319], Rotation: [-7.131401966666651, 0.6444987000000002, 3.0565172797092646], Velocity: [0.1844292538124722, 0.9555249823377112, -40.381696906032275]
Position: [0.549871676510169, 2.814233467864426, 16.384414555885986], Rotation: [-7.160709883333317, 0.6078082833333336, 3.0565172797092646], Velocity: [0.2056077638443011, 1.0670414637223484, -40.6280678560635]
Position: [0.5532984725742407, 2.8320174922597987, 15.70455509161826], Rotation: [-7.190017799999984, 0.571117866666667, 3.0565172797092646], Velocity: [0.22678627387613, 1.1785579451069856, -40.87443880609473]
Position: [0.5570782438055095, 2.8516601246782485, 15.020589444850016], Rotation: [-7.21932571666665, 0.5344274500000004, 3.0565172797092646], Velocity: [0.24796478390795892, 1.2900744264916228, -41.12080975612596]
Position: [0.5612109902039755, 2.8731613651197754, 14.33251761558125], Rotation: [-7.248633633333316, 0.4977370333333337, 3.0565172797092646], Velocity: [0.2691432939397878, 1.40159090787626, -41.367180706157185]
Position: [0.5656967117696386, 2.89652121358438, 13.640339603811963], Rotation: [-7.277941549999983, 0.461046616666667, 3.0565172797092646], Velocity: [0.2903218039716167, 1.5131073892608973, -41.61355165618841]
Position: [0.570535408502499, 2.9217396700720615, 12.944055409542155], Rotation: [-7.307249466666649, 0.42435620000000035, 3.0565172797092646], Velocity: [0.31150031400344563, 1.6246238706455345, -41.85992260621964]
Position: [0.5757270804025564, 2.9488167345828202, 12.243665032771828], Rotation: [-7.336557383333315, 0.3876657833333337, 3.0565172797092646], Velocity: [0.33267882403527455, 1.7361403520301717, -42.10629355625087]
Position: [0.5812717274698109, 2.9777524071166566, 11.53916847350098], Rotation: [-7.365865299999982, 0.350975366666667, 3.0565172797092646], Velocity: [0.35385733406710346, 1.847656833414809, -42.352664506282096]
Position: [0.5871693497042626, 3.00854668767357, 10.830565731729612], Rotation: [-7.395173216666648, 0.31428495000000034, 3.0565172797092646], Velocity: [0.37503584409893237, 1.9591733147994461, -42.599035456313324]
Position: [0.5934199471059115, 3.0411995762535606, 10.117856807457724], Rotation: [-7.424481133333314, 0.27759453333333367, 3.0565172797092646], Velocity: [0.3962143541307613, 2.0706897961840833, -42.84540640634455]
Position: [0.6000235196747575, 3.075711072856629, 9.401041700685315], Rotation: [-7.453789049999981, 0.240904116666667, 3.0565172797092646], Velocity: [0.4173928641625902, 2.1822062775687203, -43.09177735637578]
Position: [0.6069800674108007, 3.112081177482774, 8.680120411412386], Rotation: [-7.483096966666647, 0.20421370000000033, 3.0565172797092646], Velocity: [0.4385713741944191, 2.2937227589533573, -43.33814830640701]
Position: [0.614289590314041, 3.1503098901319966, 7.955092939638935], Rotation: [-7.512404883333313, 0.16752328333333366, 3.0565172797092646], Velocity: [0.459749884226248, 2.4052392403379943, -43.584519256438234]
Position: [0.6219520883844785, 3.1903972108042966, 7.225959285364965], Rotation: [-7.54171279999998, 0.130832866666667, 3.0565172797092646], Velocity: [0.48092839425807693, 2.5167557217226313, -43.83089020646946]
Position: [0.6299675616221131, 3.232343139499674, 6.492719448590474], Rotation: [-7.571020716666646, 0.09414245000000032, 3.0565172797092646], Velocity: [0.5021069042899058, 2.6282722031072683, -44.07726115650069]
Position: [0.6383360100269448, 3.276147676218128, 5.755373429315463], Rotation: [-7.600328633333312, 0.05745203333333366, 3.0565172797092646], Velocity: [0.5232854143217347, 2.7397886844919053, -44.32363210653192]
Position: [0.6470574335989737, 3.32181082095966, 5.013921227539931], Rotation: [-7.629626966666645, 0.05511423333333366, 3.0565172797092646], Velocity: [0.5250063654280653, 2.7488789488513525, -44.421607697597494]
Position: [0.6558075396894415, 3.3676254701071824, 4.270836099246639], Rotation: [-7.658925299999979, 0.05277643333333366, 3.0565172797092646], Velocity: [0.526727316534396, 2.7579692132108, -44.51958328866307]
Position: [0.6645863282983481, 3.413591623660696, 3.5261180444355884], Rotation: [-7.688223633333312, 0.050438633333333656, 3.0565172797092646], Velocity: [0.5284482676407266, 2.767059477570247, -44.61755887972865]
Position: [0.6733937994256936, 3.4597092816201998, 2.7797670631067777], Rotation: [-7.717521966666645, 0.048100833333333655, 3.0565172797092646], Velocity: [0.5301692187470572, 2.7761497419296943, -44.715534470794225]
Position: [0.6822299530714778, 3.5059784439856947, 2.0317831552602073], Rotation: [-7.746820299999978, 0.045763033333333654, 3.0565172797092646], Velocity: [0.5318901698533879, 2.7852400062891416, -44.8135100618598]
Position: [0.691094789235701, 3.55239911075718, 1.2821663208958771], Rotation: [-7.776118633333311, 0.04342523333333365, 3.0565172797092646], Velocity: [0.5336111209597185, 2.794330270648589, -44.91148565292538]
Position: [0.699988307918363, 3.5989712819346567, 0.5309165600137875], Rotation: [-7.805416966666645, 0.04108743333333365, 3.0565172797092646], Velocity: [0.5353320720660492, 2.803420535008036, -45.009461243990955]
Position: [0.7089105091194637, 3.645694957518124, -0.2219661273860617], Rotation: [-7.834715299999978, 0.03874963333333365, 3.0565172797092646], Velocity: [0.5370530231723798, 2.8125107993674834, -45.10743683505653]
