Position: [0.0, 0.0, 99.999019], Rotation: [-0.01985703, -0.02638432, 4.2266205026189425], Velocity: [0.018351903809133985, 0.0416636782228216, -0.1808131084474435]
Position: [0.00018351903809133986, 0.00041663678222821597, 99.99622986891553], Rotation: [-0.03971406, -0.05276864, 4.2266205026189425], Velocity: [0.03670380761826797, 0.0833273564456432, -0.361626216894887]
Position: [0.0005505571142740196, 0.001249910346684648, 99.99163260674659], Rotation: [-0.05957109000000001, -0.07915296, 4.2266205026189425], Velocity: [0.055055711427401954, 0.12499103466846478, -0.5424393253423305]
Position: [0.0011011142285480393, 0.002499820693369296, 99.98522721349318], Rotation: [-0.07942812, -0.10553728, 4.2266205026189425], Velocity: [0.07340761523653594, 0.1666547128912864, -0.723252433789774]
Position: [0.0018351903809133987, 0.00416636782228216, 99.97701368915527], Rotation: [-0.09928515, -0.1319216, 4.2266205026189425], Velocity: [0.09175951904566992, 0.208318391114108, -0.9040655422372175]
Position: [0.0027527855713700977, 0.0062495517334232396, 99.9669920337329], Rotation: [-0.11914218, -0.15830592, 4.2266205026189425], Velocity: [0.11011142285480391, 0.2499820693369296, -1.084878650684661]
Position: [0.003853899799918137, 0.008749372426792535, 99.95516224722604], Rotation: [-0.13899921, -0.18469023999999998, 4.2266205026189425], Velocity: [0.1284633266639379, 0.2916457475597512, -1.2656917591321046]
Position: [0.005138533066557516, 0.011665829902390047, 99.94152432963472], Rotation: [-0.15885624, -0.21107455999999997, 4.2266205026189425], Velocity: [0.14681523047307188, 0.3333094257825728, -1.4465048675795482]
Position: [0.0066066853712882356, 0.014998924160215775, 99.92607828095892], Rotation: [-0.17871327, -0.23745887999999996, 4.2266205026189425], Velocity: [0.16516713428220586, 0.37497310400539435, -1.6273179760269918]
Position: [0.008258356714110295, 0.01874865520026972, 99.90882410119865], Rotation: [-0.1985703, -0.26384319999999994, 4.2266205026189425], Velocity: [0.18351903809133985, 0.41663678222821593, -1.8081310844744354]
Position: [0.010093547095023693, 0.02291502302255188, 99.8897617903539], Rotation: [-0.21842733, -0.29022751999999996, 4.2266205026189425], Velocity: [0.20187094190047383, 0.4583004604510375, -1.988944192921879]
Position: [0.012112256514028433, 0.027498027627062254, 99.86889134842468], Rotation: [-0.23828436, -0.31661184, 4.2266205026189425], Velocity: [0.22022284570960782, 0.4999641386738591, -2.1697573013693225]
Position: [0.014314484971124511, 0.03249766901380084, 99.84621277541099], Rotation: [-0.25814139, -0.34299616, 4.2266205026189425], Velocity: [0.2385747495187418, 0.5416278168966807, -2.350570409816766]
Position: [0.01670023246631193, 0.03791394718276765, 99.82172607131282], Rotation: [-0.27799842, -0.36938048, 4.2266205026189425], Velocity: [0.2569266533278758, 0.5832914951195023, -2.5313835182642097]
Position: [0.019269498999590687, 0.04374686213396267, 99.79543123613018], Rotation: [-0.29785545, -0.3957648, 4.2266205026189425], Velocity: [0.27527855713700977, 0.6249551733423239, -2.7121966267116533]
Position: [0.022022284570960785, 0.04999641386738591, 99.76732826986307], Rotation: [-0.31771248, -0.42214912000000004, 4.2266205026189425], Velocity: [0.29363046094614376, 0.6666188515651454, -2.893009735159097]
Position: [0.024958589180422222, 0.056662602383037365, 99.73741717251148], Rotation: [-0.33756951, -0.44853344000000006, 4.2266205026189425], Velocity: [0.31198236475527774, 0.708282529787967, -3.0738228436065405]
Position: [0.028078412827974998, 0.06374542768091704, 99.70569794407542], Rotation: [-0.35742654, -0.4749177600000001, 4.2266205026189425], Velocity: [0.3303342685644117, 0.7499462080107886, -3.254635952053984]
Position: [0.03138175551361912, 0.07124488976102493, 99.67217058455489], Rotation: [-0.37728357, -0.5013020800000001, 4.2266205026189425], Velocity: [0.3486861723735457, 0.7916098862336102, -3.4354490605014276]
Position: [0.03486861723735457, 0.07916098862336103, 99.63683509394988], Rotation: [-0.3971406, -0.5276864000000001, 4.2266205026189425], Velocity: [0.3670380761826797, 0.8332735644564317, -3.616262168948871]
Position: [0.03853899799918137, 0.08749372426792534, 99.59969147226039], Rotation: [-0.41699763, -0.5540707200000001, 4.2266205026189425], Velocity: [0.3853899799918137, 0.8749372426792533, -3.797075277396315]
Position: [0.04239289779909951, 0.09624309669471788, 99.56073971948642], Rotation: [-0.43685466, -0.5804550400000001, 4.2266205026189425], Velocity: [0.40374188380094767, 0.9166009209020749, -3.9778883858437584]
Position: [0.04643031663710898, 0.10540910590373863, 99.51997983562798], Rotation: [-0.45671169, -0.6068393600000002, 4.2266205026189425], Velocity: [0.42209378761008165, 0.9582645991248965, -4.1587014942912015]
Position: [0.0506512545132098, 0.11499175189498759, 99.47741182068506], Rotation: [-0.47656872, -0.6332236800000002, 4.2266205026189425], Velocity: [0.44044569141921563, 0.999928277347718, -4.339514602738645]
Position: [0.055055711427401954, 0.12499103466846477, 99.43303567465767], Rotation: [-0.49642575, -0.6596080000000002, 4.2266205026189425], Velocity: [0.4587975952283496, 1.0415919555705397, -4.520327711186089]
Position: [0.05964368737968545, 0.13540695422417018, 99.38685139754581], Rotation: [-0.51628278, -0.6859923200000002, 4.2266205026189425], Velocity: [0.4771494990374836, 1.0832556337933614, -4.701140819633532]
Position: [0.06441518237006029, 0.1462395105621038, 99.33885898934948], Rotation: [-0.5361398100000001, -0.7123766400000002, 4.2266205026189425], Velocity: [0.4955014028466176, 1.1249193120161831, -4.881953928080976]
Position: [0.06937019639852647, 0.15748870368226564, 99.28905845006867], Rotation: [-0.5559968400000002, -0.7387609600000002, 4.2266205026189425], Velocity: [0.5138533066557516, 1.1665829902390048, -5.062767036528419]
Position: [0.07450872946508398, 0.16915453358465568, 99.23744977970338], Rotation: [-0.5758538700000002, -0.7651452800000003, 4.2266205026189425], Velocity: [0.5322052104648856, 1.2082466684618265, -5.243580144975863]
Position: [0.07983078156973283, 0.18123700026927395, 99.18403297825363], Rotation: [-0.5957109000000003, -0.7915296000000003, 4.2266205026189425], Velocity: [0.5505571142740195, 1.2499103466846482, -5.424393253423307]
Position: [0.08533635271247303, 0.19373610373612044, 99.1288080457194], Rotation: [-0.6155621800000003, -0.7973042600000003, 4.2266205026189425], Velocity: [0.5615002650101156, 1.2747929689531665, -5.4807734255118135]
Position: [0.09095135536257419, 0.2064840334256521, 99.07301931146428], Rotation: [-0.6354134600000003, -0.8030789200000004, 4.2266205026189425], Velocity: [0.5724434157462117, 1.2996755912216849, -5.53715359760032]
Position: [0.0966757895200363, 0.21948078933786896, 99.01666677548828], Rotation: [-0.6552647400000003, -0.8088535800000004, 4.2266205026189425], Velocity: [0.5833865664823078, 1.3245582134902032, -5.593533769688827]
Position: [0.10250965518485938, 0.232726371472771, 98.95975043779139], Rotation: [-0.6751160200000004, -0.8146282400000004, 4.2266205026189425], Velocity: [0.5943297172184039, 1.3494408357587215, -5.649913941777334]
Position: [0.10845295235704343, 0.24622077983035823, 98.90227029837361], Rotation: [-0.6949673000000004, -0.8204029000000005, 4.2266205026189425], Velocity: [0.6052728679545, 1.3743234580272399, -5.706294113865841]
Position: [0.11450568103658842, 0.2599640144106306, 98.84422635723494], Rotation: [-0.7148185800000004, -0.8261775600000005, 4.2266205026189425], Velocity: [0.6162160186905961, 1.3992060802957582, -5.762674285954348]
Position: [0.12066784122349439, 0.27395607521358817, 98.7856186143754], Rotation: [-0.7346698600000005, -0.8319522200000006, 4.2266205026189425], Velocity: [0.6271591694266921, 1.4240887025642766, -5.819054458042855]
Position: [0.1269394329177613, 0.2881969622392309, 98.72644706979497], Rotation: [-0.7545211400000005, -0.8377268800000006, 4.2266205026189425], Velocity: [0.6381023201627882, 1.448971324832795, -5.875434630131362]
Position: [0.1333204561193892, 0.30268667548755884, 98.66671172349366], Rotation: [-0.7743724200000005, -0.8435015400000007, 4.2266205026189425], Velocity: [0.6490454708988843, 1.4738539471013132, -5.9318148022198685]
Position: [0.13981091082837804, 0.31742521495857196, 98.60641257547147], Rotation: [-0.7942237000000005, -0.8492762000000007, 4.2266205026189425], Velocity: [0.6599886216349804, 1.4987365693698316, -5.988194974308375]
Position: [0.14641079704472784, 0.33241258065227025, 98.54554962572838], Rotation: [-0.8140749800000006, -0.8550508600000007, 4.2266205026189425], Velocity: [0.6709317723710765, 1.52361919163835, -6.044575146396882]
Position: [0.15312011476843862, 0.34764877256865373, 98.48412287426441], Rotation: [-0.8339262600000006, -0.8608255200000008, 4.2266205026189425], Velocity: [0.6818749231071726, 1.5485018139068683, -6.100955318485389]
Position: [0.15993886399951035, 0.3631337907077224, 98.42213232107956], Rotation: [-0.8537775400000006, -0.8666001800000008, 4.2266205026189425], Velocity: [0.6928180738432687, 1.5733844361753866, -6.157335490573896]
Position: [0.16686704473794303, 0.37886763506947624, 98.35957796617382], Rotation: [-0.8736288200000006, -0.8723748400000009, 4.2266205026189425], Velocity: [0.7037612245793647, 1.598267058443905, -6.213715662662403]
Position: [0.1739046569837367, 0.39485030565391527, 98.29645980954719], Rotation: [-0.8934801000000007, -0.8781495000000009, 4.2266205026189425], Velocity: [0.7147043753154608, 1.6231496807124233, -6.27009583475091]
Position: [0.1810517007368913, 0.4110818024610395, 98.23277785119967], Rotation: [-0.9133313800000007, -0.883924160000001, 4.2266205026189425], Velocity: [0.7256475260515569, 1.6480323029809416, -6.326476006839417]
Position: [0.18830817599740687, 0.4275621254908489, 98.16853209113128], Rotation: [-0.9331826600000007, -0.889698820000001, 4.2266205026189425], Velocity: [0.736590676787653, 1.67291492524946, -6.3828561789279235]
Position: [0.1956740827652834, 0.44429127474334346, 98.10372252934201], Rotation: [-0.9530339400000007, -0.895473480000001, 4.2266205026189425], Velocity: [0.7475338275237491, 1.6977975475179783, -6.43923635101643]
Position: [0.2031494210405209, 0.4612692502185232, 98.03834916583185], Rotation: [-0.9728852200000008, -0.9012481400000011, 4.2266205026189425], Velocity: [0.7584769782598452, 1.7226801697864966, -6.495616523104937]
Position: [0.21073419082311934, 0.47849605191638817, 97.9724120006008], Rotation: [-0.9927365000000008, -0.9070228000000011, 4.2266205026189425], Velocity: [0.7694201289959413, 1.747562792055015, -6.551996695193444]
Position: [0.21842839211307874, 0.4959716798369383, 97.90591103364886], Rotation: [-1.0125877800000007, -0.9127974600000012, 4.2266205026189425], Velocity: [0.7803632797320373, 1.7724454143235333, -6.608376867281951]
Position: [0.22623202491039912, 0.5136961339801737, 97.83884626497604], Rotation: [-1.0324390600000006, -0.9185721200000012, 4.2266205026189425], Velocity: [0.7913064304681334, 1.7973280365920516, -6.664757039370458]
Position: [0.23414508921508045, 0.5316694143460942, 97.77121769458233], Rotation: [-1.0522903400000005, -0.9243467800000013, 4.2266205026189425], Velocity: [0.8022495812042295, 1.82221065886057, -6.721137211458965]
Position: [0.24216758502712274, 0.5498915209346998, 97.70302532246774], Rotation: [-1.0721416200000005, -0.9301214400000013, 4.2266205026189425], Velocity: [0.8131927319403256, 1.8470932811290883, -6.777517383547472]
Position: [0.250299512346526, 0.5683624537459907, 97.63426914863226], Rotation: [-1.0919929000000004, -0.9358961000000013, 4.2266205026189425], Velocity: [0.8241358826764217, 1.8719759033976067, -6.8338975556359784]
Position: [0.25854087117329017, 0.5870822127799668, 97.5649491730759], Rotation: [-1.1118441800000003, -0.9416707600000014, 4.2266205026189425], Velocity: [0.8350790334125178, 1.896858525666125, -6.890277727724485]
Position: [0.26689166150741533, 0.606050798036628, 97.49506539579866], Rotation: [-1.1316954600000002, -0.9474454200000014, 4.2266205026189425], Velocity: [0.8460221841486139, 1.9217411479346433, -6.946657899812992]
Position: [0.2753518833489015, 0.6252682095159744, 97.42461781680053], Rotation: [-1.1515467400000001, -0.9532200800000015, 4.2266205026189425], Velocity: [0.8569653348847099, 1.9466237702031617, -7.003038071901499]
Position: [0.28392153669774856, 0.644734447218006, 97.35360643608152], Rotation: [-1.17139802, -0.9589947400000015, 4.2266205026189425], Velocity: [0.867908485620806, 1.97150639247168, -7.059418243990006]
Position: [0.2926006215539566, 0.6644495111427228, 97.28203125364162], Rotation: [-1.1912493, -0.9647694000000016, 4.2266205026189425], Velocity: [0.8788516363569021, 1.9963890147401984, -7.115798416078513]
Position: [0.30138913791752564, 0.6844134012901247, 97.20989226948083], Rotation: [-1.2111005799999999, -0.9705440600000016, 4.2266205026189425], Velocity: [0.8897947870929982, 2.0212716370087165, -7.17217858816702]
Position: [0.3102870857884556, 0.7046261176602119, 97.13718948359916], Rotation: [-1.2309518599999998, -0.9763187200000016, 4.2266205026189425], Velocity: [0.9007379378290943, 2.046154259277235, -7.228558760255527]
Position: [0.31929446516674653, 0.7250876602529842, 97.0639228959966], Rotation: [-1.2507973799999998, -0.9614837100000017, 4.2266205026189425], Velocity: [0.8986658871337129, 2.041435440296471, -7.326207719838892]
Position: [0.3282811240380837, 0.7455020146559489, 96.98967981879821], Rotation: [-1.2706429, -0.9466487000000017, 4.2266205026189425], Velocity: [0.8965938364383315, 2.0367166213157075, -7.423856679422257]
Position: [0.337247062402467, 0.7658691808691059, 96.91446025200399], Rotation: [-1.29048842, -0.9318136900000017, 4.2266205026189425], Velocity: [0.89452178574295, 2.031997802334944, -7.521505639005622]
Position: [0.3461922802598965, 0.7861891588924553, 96.83826419561393], Rotation: [-1.31033394, -0.9169786800000017, 4.2266205026189425], Velocity: [0.8924497350475686, 2.02727898335418, -7.619154598588987]
Position: [0.3551167776103722, 0.8064619487259971, 96.76109164962804], Rotation: [-1.33017946, -0.9021436700000017, 4.2266205026189425], Velocity: [0.8903776843521872, 2.0225601643734166, -7.716803558172352]
Position: [0.3640205544538941, 0.8266875503697313, 96.68294261404633], Rotation: [-1.3500249800000002, -0.8873086600000017, 4.2266205026189425], Velocity: [0.8883056336568058, 2.017841345392653, -7.814452517755718]
Position: [0.37290361079046214, 0.8468659638236579, 96.60381708886877], Rotation: [-1.3698705000000002, -0.8724736500000018, 4.2266205026189425], Velocity: [0.8862335829614244, 2.0131225264118893, -7.912101477339083]
Position: [0.3817659466200764, 0.8669971890877768, 96.52371507409538], Rotation: [-1.3897160200000003, -0.8576386400000018, 4.2266205026189425], Velocity: [0.884161532266043, 2.0084037074311256, -8.009750436922449]
Position: [0.3906075619427368, 0.8870812261620881, 96.44263656972615], Rotation: [-1.4095615400000003, -0.8428036300000018, 4.2266205026189425], Velocity: [0.8820894815706616, 2.003684888450362, -8.107399396505814]
Position: [0.39942845675844346, 0.9071180750465917, 96.36058157576109], Rotation: [-1.4294070600000004, -0.8279686200000018, 4.2266205026189425], Velocity: [0.8800174308752802, 1.9989660694695985, -8.20504835608918]
Position: [0.40822863106719626, 0.9271077357412877, 96.2775500922002], Rotation: [-1.4492525800000005, -0.8131336100000018, 4.2266205026189425], Velocity: [0.8779453801798988, 1.994247250488835, -8.302697315672544]
Position: [0.41700808486899527, 0.947050208246176, 96.19354211904347], Rotation: [-1.4690981000000005, -0.7982986000000019, 4.2266205026189425], Velocity: [0.8758733294845173, 1.9895284315080717, -8.40034627525591]
Position: [0.42576681816384043, 0.9669454925612567, 96.10855765629091], Rotation: [-1.4889436200000006, -0.7834635900000019, 4.2266205026189425], Velocity: [0.8738012787891359, 1.9848096125273083, -8.497995234839275]
Position: [0.4345048309517318, 0.9867935886865298, 96.02259670394253], Rotation: [-1.5087891400000006, -0.7686285800000019, 4.2266205026189425], Velocity: [0.8717292280937545, 1.9800907935465448, -8.59564419442264]
Position: [0.44322212323266935, 1.0065944966219953, 95.9356592619983], Rotation: [-1.5286346600000007, -0.7537935700000019, 4.2266205026189425], Velocity: [0.8696571773983731, 1.9753719745657814, -8.693293154006005]
Position: [0.4519186950066531, 1.0263482163676532, 95.84774533045824], Rotation: [-1.5484801800000008, -0.7389585600000019, 4.2266205026189425], Velocity: [0.8675851267029917, 1.970653155585018, -8.79094211358937]
Position: [0.460594546273683, 1.0460547479235034, 95.75885490932234], Rotation: [-1.5683257000000008, -0.724123550000002, 4.2266205026189425], Velocity: [0.8655130760076103, 1.9659343366042545, -8.888591073172735]
Position: [0.46924967703375914, 1.065714091289546, 95.66898799859061], Rotation: [-1.5881712200000009, -0.709288540000002, 4.2266205026189425], Velocity: [0.8634410253122289, 1.9612155176234911, -8.9862400327561]
Position: [0.4778840872868814, 1.085326246465781, 95.57814459826305], Rotation: [-1.608016740000001, -0.694453530000002, 4.2266205026189425], Velocity: [0.8613689746168475, 1.9564966986427277, -9.083888992339466]
Position: [0.4864977770330499, 1.1048912134522082, 95.48632470833965], Rotation: [-1.627862260000001, -0.679618520000002, 4.2266205026189425], Velocity: [0.8592969239214661, 1.9517778796619643, -9.18153795192283]
Position: [0.49509074627226457, 1.1244089922488278, 95.39352832882042], Rotation: [-1.647707780000001, -0.664783510000002, 4.2266205026189425], Velocity: [0.8572248732260846, 1.9470590606812008, -9.279186911506196]
Position: [0.5036629950045254, 1.1438795828556398, 95.29975545970537], Rotation: [-1.6675533000000011, -0.649948500000002, 4.2266205026189425], Velocity: [0.8551528225307032, 1.9423402417004374, -9.376835871089561]
Position: [0.5122145232298324, 1.1633029852726442, 95.20500610099447], Rotation: [-1.6873988200000012, -0.6351134900000021, 4.2266205026189425], Velocity: [0.8530807718353218, 1.937621422719674, -9.474484830672926]
Position: [0.5207453309481856, 1.182679199499841, 95.10928025268774], Rotation: [-1.7072443400000012, -0.6202784800000021, 4.2266205026189425], Velocity: [0.8510087211399404, 1.9329026037389105, -9.572133790256292]
Position: [0.5292554181595851, 1.20200822553723, 95.01257791478518], Rotation: [-1.7270898600000013, -0.6054434700000021, 4.2266205026189425], Velocity: [0.848936670444559, 1.9281837847581471, -9.669782749839657]
Position: [0.5377447848640307, 1.2212900633848114, 94.91489908728678], Rotation: [-1.7469353800000014, -0.5906084600000021, 4.2266205026189425], Velocity: [0.8468646197491776, 1.9234649657773837, -9.767431709423022]
Position: [0.5462134310615224, 1.2405247130425852, 94.81624377019256], Rotation: [-1.7667809000000014, -0.5757734500000021, 4.2266205026189425], Velocity: [0.8447925690537962, 1.9187461467966203, -9.865080669006387]
Position: [0.5546613567520604, 1.2597121745105513, 94.71661196350249], Rotation: [-1.7866264200000015, -0.5609384400000021, 4.2266205026189425], Velocity: [0.8427205183584148, 1.9140273278158568, -9.962729628589752]
Position: [0.5630885619356446, 1.2788524477887098, 94.61600366721659], Rotation: [-1.8064719400000016, -0.5461034300000022, 4.2266205026189425], Velocity: [0.8406484676630334, 1.9093085088350934, -10.060378588173117]
Position: [0.5714950466122749, 1.2979455328770606, 94.51441888133486], Rotation: [-1.8263174600000016, -0.5312684200000022, 4.2266205026189425], Velocity: [0.838576416967652, 1.90458968985433, -10.158027547756483]
Position: [0.5798808107819514, 1.3169914297756038, 94.41185760585729], Rotation: [-1.8461629800000017, -0.5164334100000022, 4.2266205026189425], Velocity: [0.8365043662722705, 1.8998708708735665, -10.255676507339848]
Position: [0.5882458544446741, 1.3359901384843396, 94.3083198407839], Rotation: [-1.8660085000000017, -0.5015984000000022, 4.2266205026189425], Velocity: [0.8344323155768891, 1.8951520518928031, -10.353325466923213]
Position: [0.5965901776004431, 1.3549416590032677, 94.20380558611467], Rotation: [-1.8858482700000017, -0.5289855900000022, 4.2266205026189425], Velocity: [0.8436660999176104, 1.9162136529426683, -10.505385224008503]
Position: [0.6050268385996191, 1.3741037955326945, 94.09777073387458], Rotation: [-1.9056880400000016, -0.5563727800000022, 4.2266205026189425], Velocity: [0.8528998842583317, 1.9372752539925338, -10.657444981093793]
Position: [0.6135558374422024, 1.39347654807262, 93.99021528406365], Rotation: [-1.9255278100000015, -0.5837599700000022, 4.2266205026189425], Velocity: [0.862133668599053, 1.9583368550423992, -10.809504738179083]
Position: [0.622177174128193, 1.413059916623044, 93.88113923668186], Rotation: [-1.9453675800000014, -0.6111471600000022, 4.2266205026189425], Velocity: [0.8713674529397744, 1.9793984560922646, -10.961564495264373]
Position: [0.6308908486575907, 1.4328539011839667, 93.77054259172921], Rotation: [-1.9652073500000014, -0.6385343500000022, 4.2266205026189425], Velocity: [0.8806012372804957, 2.00046005714213, -11.113624252349663]
Position: [0.6396968610303957, 1.452858501755388, 93.65842534920571], Rotation: [-1.9850471200000013, -0.6659215400000023, 4.2266205026189425], Velocity: [0.889835021621217, 2.0215216581919955, -11.265684009434953]
Position: [0.6485952112466079, 1.4730737183373082, 93.54478750911136], Rotation: [-2.004886890000001, -0.6933087300000023, 4.2266205026189425], Velocity: [0.8990688059619383, 2.042583259241861, -11.417743766520243]
Position: [0.6575858993062272, 1.4934995509297269, 93.42962907144616], Rotation: [-2.024726660000001, -0.7206959200000023, 4.2266205026189425], Velocity: [0.9083025903026596, 2.0636448602917263, -11.569803523605533]
Position: [0.6666689252092538, 1.5141359995326442, 93.3129500362101], Rotation: [-2.044566430000001, -0.7480831100000023, 4.2266205026189425], Velocity: [0.9175363746433809, 2.0847064613415918, -11.721863280690823]
Position: [0.6758442889556876, 1.5349830641460602, 93.19475040340319], Rotation: [-2.064406200000001, -0.7754703000000023, 4.2266205026189425], Velocity: [0.9267701589841022, 2.105768062391457, -11.873923037776112]
Position: [0.6851119905455286, 1.556040744769975, 93.07503017302543], Rotation: [-2.084245970000001, -0.8028574900000023, 4.2266205026189425], Velocity: [0.9360039433248235, 2.1268296634413226, -12.025982794861402]
Position: [0.6944720299787769, 1.5773090414043882, 92.95378934507681], Rotation: [-2.104085740000001, -0.8302446800000023, 4.2266205026189425], Velocity: [0.9452377276655448, 2.147891264491188, -12.178042551946692]
Position: [0.7039244072554324, 1.5987879540493002, 92.83102791955734], Rotation: [-2.1239255100000007, -0.8576318700000023, 4.2266205026189425], Velocity: [0.9544715120062661, 2.1689528655410535, -12.330102309031982]
Position: [0.713469122375495, 1.6204774827047108, 92.70674589646703], Rotation: [-2.1437652800000007, -0.8850190600000023, 4.2266205026189425], Velocity: [0.9637052963469874, 2.190014466590919, -12.482162066117272]
Position: [0.7231061753389648, 1.64237762737062, 92.58094327580585], Rotation: [-2.1636050500000006, -0.9124062500000023, 4.2266205026189425], Velocity: [0.9729390806877087, 2.2110760676407843, -12.634221823202562]
Position: [0.7328355661458419, 1.664488388047028, 92.45362005757383], Rotation: [-2.1834448200000005, -0.9397934400000023, 4.2266205026189425], Velocity: [0.98217286502843, 2.23213766869065, -12.786281580287852]
Position: [0.7426572947961262, 1.6868097647339346, 92.32477624177095], Rotation: [-2.2032845900000004, -0.9671806300000023, 4.2266205026189425], Velocity: [0.9914066493691513, 2.253199269740515, -12.938341337373142]
Position: [0.7525713612898177, 1.7093417574313399, 92.19441182839722], Rotation: [-2.2231243600000004, -0.9945678200000023, 4.2266205026189425], Velocity: [1.0006404337098727, 2.2742608707903806, -13.090401094458432]
Position: [0.7625777656269165, 1.7320843661392438, 92.06252681745264], Rotation: [-2.2429641300000003, -1.0219550100000023, 4.2266205026189425], Velocity: [1.009874218050594, 2.295322471840246, -13.242460851543722]
Position: [0.7726765078074225, 1.7550375908576463, 91.9291212089372], Rotation: [-2.2628039, -1.0493422000000023, 4.2266205026189425], Velocity: [1.0191080023913153, 2.3163840728901115, -13.394520608629012]
Position: [0.7828675878313356, 1.7782014315865475, 91.79419500285091], Rotation: [-2.28264367, -1.0767293900000023, 4.2266205026189425], Velocity: [1.0283417867320366, 2.337445673939977, -13.546580365714302]
Position: [0.7931510056986559, 1.8015758883259474, 91.65774819919378], Rotation: [-2.30248344, -1.1041165800000023, 4.2266205026189425], Velocity: [1.0375755710727579, 2.3585072749898424, -13.698640122799592]
Position: [0.8035267614093835, 1.825160961075846, 91.51978079796578], Rotation: [-2.32232321, -1.1315037700000024, 4.2266205026189425], Velocity: [1.0468093554134792, 2.379568876039708, -13.850699879884882]
Position: [0.8139948549635183, 1.848956649836243, 91.38029279916694], Rotation: [-2.34216298, -1.1588909600000024, 4.2266205026189425], Velocity: [1.0560431397542005, 2.4006304770895732, -14.002759636970172]
Position: [0.8245552863610603, 1.872962954607139, 91.23928420279724], Rotation: [-2.36200275, -1.1862781500000024, 4.2266205026189425], Velocity: [1.0652769240949218, 2.4216920781394387, -14.154819394055462]
Position: [0.8352080556020096, 1.8971798753885334, 91.09675500885668], Rotation: [-2.3818425199999997, -1.2136653400000024, 4.2266205026189425], Velocity: [1.0745107084356431, 2.442753679189304, -14.306879151140752]
Position: [0.845953162686366, 1.9216074121804265, 90.95270521734527], Rotation: [-2.4016822899999997, -1.2410525300000024, 4.2266205026189425], Velocity: [1.0837444927763644, 2.4638152802391695, -14.458938908226042]
Position: [0.8567906076141296, 1.9462455649828183, 90.807134828263], Rotation: [-2.4215220599999996, -1.2684397200000024, 4.2266205026189425], Velocity: [1.0929782771170857, 2.484876881289035, -14.610998665311332]
Position: [0.8677203903853005, 1.9710943337957088, 90.66004384160989], Rotation: [-2.4413618299999995, -1.2958269100000024, 4.2266205026189425], Velocity: [1.102212061457807, 2.5059384823389004, -14.763058422396622]
Position: [0.8787425109998785, 1.9961537186190978, 90.51143225738592], Rotation: [-2.4612015999999994, -1.3232141000000024, 4.2266205026189425], Velocity: [1.1114458457985283, 2.527000083388766, -14.915118179481912]
Position: [0.8898569694578639, 2.0214237194529856, 90.3613000755911], Rotation: [-2.4810413699999994, -1.3506012900000024, 4.2266205026189425], Velocity: [1.1206796301392496, 2.5480616844386312, -15.067177936567202]
Position: [0.9010637657592564, 2.046904336297372, 90.20964729622543], Rotation: [-2.5008811399999993, -1.3779884800000024, 4.2266205026189425], Velocity: [1.129913414479971, 2.5691232854884967, -15.219237693652492]
Position: [0.9123628999040561, 2.0725955691522566, 90.0564739192889], Rotation: [-2.520713239999999, -1.3847660100000023, 4.2266205026189425], Velocity: [1.1334416793590623, 2.5771878199555105, -15.30640215903217]
Position: [0.9236973166976467, 2.0983674473518117, 89.90242889769858], Rotation: [-2.540545339999999, -1.3915435400000022, 4.2266205026189425], Velocity: [1.1369699442381536, 2.5852523544225243, -15.39356662441185]
Position: [0.9350670161400282, 2.124219970896037, 89.74751223145446], Rotation: [-2.560377439999999, -1.3983210700000022, 4.2266205026189425], Velocity: [1.1404982091172449, 2.593316888889538, -15.48073108979153]
Position: [0.9464719982312007, 2.1501531397849325, 89.59172392055655], Rotation: [-2.580209539999999, -1.405098600000002, 4.2266205026189425], Velocity: [1.1440264739963362, 2.601381423356552, -15.567895555171209]
Position: [0.957912262971164, 2.176166954018498, 89.43506396500483], Rotation: [-2.600041639999999, -1.411876130000002, 4.2266205026189425], Velocity: [1.1475547388754275, 2.609445957823566, -15.655060020550888]
Position: [0.9693878103599183, 2.2022614135967333, 89.27753236479933], Rotation: [-2.6198737399999987, -1.418653660000002, 4.2266205026189425], Velocity: [1.1510830037545188, 2.6175104922905796, -15.742224485930567]
Position: [0.9808986403974634, 2.228436518519639, 89.11912911994003], Rotation: [-2.6397058399999986, -1.4254311900000018, 4.2266205026189425], Velocity: [1.15461126863361, 2.6255750267575935, -15.829388951310246]
Position: [0.9924447530837995, 2.254692268787215, 88.95985423042693], Rotation: [-2.6595379399999985, -1.4322087200000018, 4.2266205026189425], Velocity: [1.1581395335127014, 2.6336395612246073, -15.916553416689926]
Position: [1.0040261484189266, 2.2810286643994613, 88.79970769626003], Rotation: [-2.6793700399999985, -1.4389862500000017, 4.2266205026189425], Velocity: [1.1616677983917927, 2.641704095691621, -16.003717882069605]
Position: [1.0156428264028445, 2.3074457053563773, 88.63868951743933], Rotation: [-2.6992021399999984, -1.4457637800000016, 4.2266205026189425], Velocity: [1.165196063270884, 2.649768630158635, -16.090882347449284]
Position: [1.0272947870355533, 2.3339433916579635, 88.47679969396484], Rotation: [-2.7190342399999983, -1.4525413100000015, 4.2266205026189425], Velocity: [1.1687243281499753, 2.657833164625649, -16.178046812828963]
Position: [1.0389820303170532, 2.36052172330422, 88.31403822583654], Rotation: [-2.738866339999998, -1.4593188400000014, 4.2266205026189425], Velocity: [1.1722525930290666, 2.6658976990926626, -16.265211278208643]
Position: [1.0507045562473438, 2.3871807002951466, 88.15040511305446], Rotation: [-2.758698439999998, -1.4660963700000014, 4.2266205026189425], Velocity: [1.175780857908158, 2.6739622335596764, -16.352375743588322]
Position: [1.0624623648264253, 2.4139203226307435, 87.98590035561858], Rotation: [-2.778530539999998, -1.4728739000000013, 4.2266205026189425], Velocity: [1.1793091227872492, 2.6820267680266903, -16.439540208968]
Position: [1.0742554560542978, 2.44074059031101, 87.8205239535289], Rotation: [-2.798362639999998, -1.4796514300000012, 4.2266205026189425], Velocity: [1.1828373876663405, 2.690091302493704, -16.52670467434768]
Position: [1.0860838299309612, 2.467641503335947, 87.65427590678543], Rotation: [-2.818194739999998, -1.4864289600000011, 4.2266205026189425], Velocity: [1.1863656525454318, 2.698155836960718, -16.61386913972736]
Position: [1.0979474864564156, 2.4946230617055543, 87.48715621538815], Rotation: [-2.8380268399999977, -1.493206490000001, 4.2266205026189425], Velocity: [1.189893917424523, 2.7062203714277318, -16.70103360510704]
Position: [1.1098464256306608, 2.5216852654198316, 87.31916487933708], Rotation: [-2.8578589399999976, -1.499984020000001, 4.2266205026189425], Velocity: [1.1934221823036144, 2.7142849058947456, -16.788198070486718]
Position: [1.1217806474536969, 2.548828114478779, 87.15030189863221], Rotation: [-2.8776910399999975, -1.506761550000001, 4.2266205026189425], Velocity: [1.1969504471827057, 2.7223494403617594, -16.875362535866397]
Position: [1.133750151925524, 2.5760516088823966, 86.98056727327355], Rotation: [-2.8975231399999974, -1.5135390800000008, 4.2266205026189425], Velocity: [1.200478712061797, 2.7304139748287732, -16.962527001246077]
Position: [1.145754939046142, 2.603355748630684, 86.8099610032611], Rotation: [-2.9173552399999974, -1.5203166100000007, 4.2266205026189425], Velocity: [1.2040069769408883, 2.738478509295787, -17.049691466625756]
Position: [1.1577950088155509, 2.630740533723642, 86.63848308859484], Rotation: [-2.9371873399999973, -1.5270941400000007, 4.2266205026189425], Velocity: [1.2075352418199796, 2.746543043762801, -17.136855932005435]
Position: [1.1698703612337507, 2.65820596416127, 86.46613352927479], Rotation: [-2.957019439999997, -1.5338716700000006, 4.2266205026189425], Velocity: [1.211063506699071, 2.7546075782298147, -17.224020397385114]
Position: [1.1819809963007413, 2.6857520399435684, 86.29291232530093], Rotation: [-2.976851539999997, -1.5406492000000005, 4.2266205026189425], Velocity: [1.2145917715781622, 2.7626721126968286, -17.311184862764794]
Position: [1.194126914016523, 2.7133787610705364, 86.11881947667328], Rotation: [-2.996683639999997, -1.5474267300000004, 4.2266205026189425], Velocity: [1.2181200364572535, 2.7707366471638424, -17.398349328144473]
Position: [1.2063081143810954, 2.7410861275421747, 85.94385498339183], Rotation: [-3.016515739999997, -1.5542042600000003, 4.2266205026189425], Velocity: [1.2216483013363448, 2.778801181630856, -17.485513793524152]
Position: [1.218524597394459, 2.7688741393584833, 85.7680188454566], Rotation: [-3.036347839999997, -1.5609817900000003, 4.2266205026189425], Velocity: [1.2251765662154361, 2.78686571609787, -17.57267825890383]
Position: [1.2307763630566133, 2.796742796519462, 85.59131106286756], Rotation: [-3.0561799399999967, -1.5677593200000002, 4.2266205026189425], Velocity: [1.2287048310945274, 2.794930250564884, -17.65984272428351]
Position: [1.2430634113675585, 2.824692099025111, 85.41373163562473], Rotation: [-3.0760120399999966, -1.57453685, 4.2266205026189425], Velocity: [1.2322330959736187, 2.8029947850318977, -17.74700718966319]
Position: [1.2553857423272947, 2.8527220468754297, 85.2352805637281], Rotation: [-3.0958441399999965, -1.58131438, 4.2266205026189425], Velocity: [1.23576136085271, 2.8110593194989115, -17.83417165504287]
Position: [1.2677433559358218, 2.8808326400704187, 85.05595784717767], Rotation: [-3.1156762399999964, -1.58809191, 4.2266205026189425], Velocity: [1.2392896257318013, 2.8191238539659254, -17.92133612042255]
Position: [1.2801362521931399, 2.909023878610078, 84.87576348597344], Rotation: [-3.1355025899999966, -1.57425786, 4.2266205026189425], Velocity: [1.2127346141842497, 2.7583320526323494, -18.00685725587997]
Position: [1.2922635983349824, 2.9366071991364016, 84.69471391341463], Rotation: [-3.155328939999997, -1.5604238099999999, 4.2266205026189425], Velocity: [1.186179602636698, 2.6975402512987734, -18.092378391337395]
Position: [1.3041253943613493, 2.963582601649389, 84.51280912950126], Rotation: [-3.175155289999997, -1.5465897599999998, 4.2266205026189425], Velocity: [1.1596245910891463, 2.6367484499651974, -18.177899526794818]
Position: [1.3157216402722407, 2.989950086149041, 84.33004913423332], Rotation: [-3.1949816399999973, -1.5327557099999998, 4.2266205026189425], Velocity: [1.1330695795415946, 2.5759566486316214, -18.26342066225224]
Position: [1.3270523360676567, 3.0157096526353575, 84.1464339276108], Rotation: [-3.2148079899999975, -1.5189216599999997, 4.2266205026189425], Velocity: [1.106514567994043, 2.5151648472980455, -18.348941797709664]
Position: [1.3381174817475971, 3.040861301108338, 83.9619635096337], Rotation: [-3.2346343399999977, -1.5050876099999997, 4.2266205026189425], Velocity: [1.0799595564464912, 2.4543730459644695, -18.434462933167087]
Position: [1.348917077312062, 3.0654050315679826, 83.77663788030203], Rotation: [-3.254460689999998, -1.4912535599999996, 4.2266205026189425], Velocity: [1.0534045448989395, 2.3935812446308935, -18.51998406862451]
Position: [1.3594511227610515, 3.0893408440142913, 83.59045703961579], Rotation: [-3.274287039999998, -1.4774195099999996, 4.2266205026189425], Velocity: [1.0268495333513878, 2.3327894432973175, -18.605505204081933]
Position: [1.3697196180945654, 3.1126687384472644, 83.40342098757496], Rotation: [-3.2941133899999984, -1.4635854599999996, 4.2266205026189425], Velocity: [1.0002945218038362, 2.2719976419637415, -18.691026339539356]
Position: [1.3797225633126038, 3.135388714866902, 83.21552972417956], Rotation: [-3.3139397399999986, -1.4497514099999995, 4.2266205026189425], Velocity: [0.9737395102562845, 2.2112058406301656, -18.77654747499678]
Position: [1.3894599584151666, 3.1575007732732034, 83.0267832494296], Rotation: [-3.333766089999999, -1.4359173599999995, 4.2266205026189425], Velocity: [0.9471844987087328, 2.1504140392965896, -18.8620686104542]
Position: [1.398931803402254, 3.1790049136661693, 82.83718156332506], Rotation: [-3.353592439999999, -1.4220833099999994, 4.2266205026189425], Velocity: [0.9206294871611811, 2.0896222379630136, -18.947589745911625]
Position: [1.4081380982738658, 3.1999011360457996, 82.64672466586595], Rotation: [-3.3734187899999992, -1.4082492599999994, 4.2266205026189425], Velocity: [0.8940744756136294, 2.0288304366294376, -19.033110881369048]
Position: [1.417078843030002, 3.220189440412094, 82.45541255705226], Rotation: [-3.3932451399999994, -1.3944152099999993, 4.2266205026189425], Velocity: [0.8675194640660777, 1.9680386352958616, -19.11863201682647]
Position: [1.4257540376706628, 3.2398698267650525, 82.26324523688399], Rotation: [-3.4130714899999997, -1.3805811599999993, 4.2266205026189425], Velocity: [0.840964452518526, 1.9072468339622857, -19.204153152283894]
Position: [1.434163682195848, 3.2589422951046756, 82.07022270536115], Rotation: [-3.43289784, -1.3667471099999993, 4.2266205026189425], Velocity: [0.8144094409709743, 1.8464550326287097, -19.289674287741317]
Position: [1.4423077766055579, 3.2774068454309626, 81.87634496248373], Rotation: [-3.45272419, -1.3529130599999992, 4.2266205026189425], Velocity: [0.7878544294234227, 1.7856632312951337, -19.37519542319874]
Position: [1.450186320899792, 3.295263477743914, 81.68161200825175], Rotation: [-3.4725505400000003, -1.3390790099999992, 4.2266205026189425], Velocity: [0.761299417875871, 1.7248714299615577, -19.460716558656163]
Position: [1.4577993150785507, 3.3125121920435294, 81.48602384266519], Rotation: [-3.4923768900000005, -1.3252449599999991, 4.2266205026189425], Velocity: [0.7347444063283193, 1.6640796286279818, -19.546237694113586]
Position: [1.465146759141834, 3.329152988329809, 81.28958046572406], Rotation: [-3.5122032400000007, -1.311410909999999, 4.2266205026189425], Velocity: [0.7081893947807676, 1.6032878272944058, -19.63175882957101]
Position: [1.4722286530896416, 3.3451858666027534, 81.09228187742835], Rotation: [-3.532029590000001, -1.297576859999999, 4.2266205026189425], Velocity: [0.6816343832332159, 1.5424960259608298, -19.717279965028432]
Position: [1.4790449969219737, 3.3606108268623616, 80.89412807777806], Rotation: [-3.551855940000001, -1.283742809999999, 4.2266205026189425], Velocity: [0.6550793716856642, 1.4817042246272538, -19.802801100485855]
Position: [1.4855957906388304, 3.375427869108634, 80.6951190667732], Rotation: [-3.5716822900000014, -1.269908759999999, 4.2266205026189425], Velocity: [0.6285243601381125, 1.4209124232936778, -19.888322235943278]
Position: [1.4918810342402116, 3.389636993341571, 80.49525484441376], Rotation: [-3.5915086400000016, -1.256074709999999, 4.2266205026189425], Velocity: [0.6019693485905608, 1.3601206219601019, -19.9738433714007]
Position: [1.4979007277261172, 3.403238199561172, 80.29453541069975], Rotation: [-3.611334990000002, -1.2422406599999989, 4.2266205026189425], Velocity: [0.5754143370430091, 1.2993288206265259, -20.059364506858124]
Position: [1.5036548710965472, 3.4162314877674373, 80.09296076563118], Rotation: [-3.631161340000002, -1.2284066099999988, 4.2266205026189425], Velocity: [0.5488593254954575, 1.23853701929295, -20.144885642315547]
Position: [1.5091434643515018, 3.4286168579603666, 79.89053090920802], Rotation: [-3.6509876900000022, -1.2145725599999988, 4.2266205026189425], Velocity: [0.5223043139479058, 1.177745217959374, -20.23040677777297]
Position: [1.514366507490981, 3.4403943101399603, 79.6872458414303], Rotation: [-3.6708140400000024, -1.2007385099999988, 4.2266205026189425], Velocity: [0.49574930240035403, 1.116953416625798, -20.315927913230393]
Position: [1.5193240005149844, 3.4515638443062184, 79.483105562298], Rotation: [-3.6906403900000027, -1.1869044599999987, 4.2266205026189425], Velocity: [0.4691942908528023, 1.056161615292222, -20.401449048687816]
Position: [1.5240159434235123, 3.4621254604591405, 79.27811007181111], Rotation: [-3.710466740000003, -1.1730704099999987, 4.2266205026189425], Velocity: [0.44263927930525054, 0.9953698139586459, -20.48697018414524]
Position: [1.528442336216565, 3.472079158598727, 79.07225936996966], Rotation: [-3.730293090000003, -1.1592363599999986, 4.2266205026189425], Velocity: [0.4160842677576988, 0.9345780126250698, -20.572491319602662]
Position: [1.5326031788941419, 3.481424938724978, 78.86555345677363], Rotation: [-3.7501194400000033, -1.1454023099999986, 4.2266205026189425], Velocity: [0.38952925621014706, 0.8737862112914937, -20.658012455060085]
Position: [1.5364984714562433, 3.4901628008378927, 78.65799233222303], Rotation: [-3.7699400400000034, -1.1737923699999986, 4.2266205026189425], Velocity: [0.3922572727511356, 0.8800412015686405, -20.777972150887567]
Position: [1.5404210441837547, 3.498963212853579, 78.44923161071415], Rotation: [-3.7897606400000035, -1.2021824299999986, 4.2266205026189425], Velocity: [0.3949852892921241, 0.8862961918457873, -20.89793184671505]
Position: [1.5443708970766759, 3.507826174772037, 78.239271292247], Rotation: [-3.8095812400000035, -1.2305724899999986, 4.2266205026189425], Velocity: [0.39771330583311265, 0.8925511821229342, -21.017891542542532]
Position: [1.548348030135007, 3.5167516865932664, 78.02811137682157], Rotation: [-3.8294018400000036, -1.2589625499999986, 4.2266205026189425], Velocity: [0.4004413223741012, 0.898806172400081, -21.137851238370015]
Position: [1.5523524433587481, 3.5257397483172674, 77.81575186443787], Rotation: [-3.8492224400000037, -1.2873526099999986, 4.2266205026189425], Velocity: [0.4031693389150897, 0.9050611626772278, -21.257810934197497]
Position: [1.556384136747899, 3.5347903599440396, 77.6021927550959], Rotation: [-3.8690430400000038, -1.3157426699999986, 4.2266205026189425], Velocity: [0.40589735545607825, 0.9113161529543746, -21.37777063002498]
Position: [1.5604431103024599, 3.5439035214735832, 77.38743404879565], Rotation: [-3.888863640000004, -1.3441327299999986, 4.2266205026189425], Velocity: [0.4086253719970668, 0.9175711432315214, -21.497730325852462]
Position: [1.5645293640224305, 3.5530792329058984, 77.17147574553712], Rotation: [-3.908684240000004, -1.3725227899999985, 4.2266205026189425], Velocity: [0.4113533885380553, 0.9238261335086683, -21.617690021679945]
Position: [1.568642897907811, 3.562317494240985, 76.95431784532032], Rotation: [-3.928504840000004, -1.4009128499999985, 4.2266205026189425], Velocity: [0.41408140507904384, 0.9300811237858151, -21.737649717507427]
Position: [1.5727837119586014, 3.5716183054788435, 76.73596034814524], Rotation: [-3.948325440000004, -1.4293029099999985, 4.2266205026189425], Velocity: [0.41680942162003237, 0.9363361140629619, -21.85760941333491]
Position: [1.5769518061748018, 3.580981666619473, 76.51640325401189], Rotation: [-3.968146040000004, -1.4576929699999985, 4.2266205026189425], Velocity: [0.4195374381610209, 0.9425911043401087, -21.977569109162392]
Position: [1.581147180556412, 3.590407577662874, 76.29564656292027], Rotation: [-3.9879666400000042, -1.4860830299999985, 4.2266205026189425], Velocity: [0.42226545470200944, 0.9488460946172556, -22.097528804989874]
Position: [1.585369835103432, 3.5998960386090464, 76.07369027487037], Rotation: [-4.007787240000004, -1.5144730899999985, 4.2266205026189425], Velocity: [0.42499347124299797, 0.9551010848944024, -22.217488500817357]
Position: [1.589619769815862, 3.6094470494579904, 75.8505343898622], Rotation: [-4.027607840000004, -1.5428631499999985, 4.2266205026189425], Velocity: [0.4277214877839865, 0.9613560751715492, -22.33744819664484]
Position: [1.593896984693702, 3.619060610209706, 75.62617890789575], Rotation: [-4.0474284400000045, -1.5712532099999985, 4.2266205026189425], Velocity: [0.43044950432497503, 0.967611065448696, -22.45740789247232]
Position: [1.5982014797369517, 3.628736720864193, 75.40062382897102], Rotation: [-4.0672490400000045, -1.5996432699999985, 4.2266205026189425], Velocity: [0.43317752086596356, 0.9738660557258428, -22.577367588299804]
Position: [1.6025332549456113, 3.6384753814214514, 75.17386915308802], Rotation: [-4.087069640000005, -1.6280333299999985, 4.2266205026189425], Velocity: [0.4359055374069521, 0.9801210460029897, -22.697327284127287]
Position: [1.6068923103196808, 3.6482765918814812, 74.94591488024675], Rotation: [-4.106890240000005, -1.6564233899999985, 4.2266205026189425], Velocity: [0.4386335539479406, 0.9863760362801365, -22.81728697995477]
Position: [1.6112786458591601, 3.6581403522442826, 74.7167610104472], Rotation: [-4.126710840000005, -1.6848134499999985, 4.2266205026189425], Velocity: [0.44136157048892916, 0.9926310265572833, -22.93724667578225]
Position: [1.6156922615640494, 3.6680666625098555, 74.48640754368938], Rotation: [-4.146531440000005, -1.7132035099999985, 4.2266205026189425], Velocity: [0.4440895870299177, 0.9988860168344301, -23.057206371609734]
Position: [1.6201331574343487, 3.6780555226782, 74.25485447997329], Rotation: [-4.166352040000005, -1.7415935699999985, 4.2266205026189425], Velocity: [0.4468176035709062, 1.005141007111577, -23.177166067437216]
Position: [1.6246013334700578, 3.688106932749316, 74.02210181929891], Rotation: [-4.186172640000005, -1.7699836299999985, 4.2266205026189425], Velocity: [0.44954562011189475, 1.0113959973887237, -23.2971257632647]
Position: [1.6290967896711768, 3.698220892723203, 73.78814956166626], Rotation: [-4.205993240000005, -1.7983736899999985, 4.2266205026189425], Velocity: [0.4522736366528833, 1.0176509876658704, -23.41708545909218]
Position: [1.6336195260377055, 3.7083974025998616, 73.55299770707533], Rotation: [-4.225813840000005, -1.8267637499999985, 4.2266205026189425], Velocity: [0.4550016531938718, 1.023905977943017, -23.537045154919664]
Position: [1.6381695425696443, 3.718636462379292, 73.31664625552614], Rotation: [-4.245634440000005, -1.8551538099999985, 4.2266205026189425], Velocity: [0.45772966973486034, 1.0301609682201638, -23.657004850747146]
Position: [1.6427468392669928, 3.7289380720614935, 73.07909520701867], Rotation: [-4.265455040000005, -1.8835438699999985, 4.2266205026189425], Velocity: [0.4604576862758489, 1.0364159584973105, -23.77696454657463]
Position: [1.6473514161297513, 3.739302231646467, 72.84034456155293], Rotation: [-4.285275640000005, -1.9119339299999984, 4.2266205026189425], Velocity: [0.4631857028168374, 1.0426709487744572, -23.89692424240211]
Position: [1.6519832731579198, 3.749728941134211, 72.60039431912891], Rotation: [-4.3050962400000055, -1.9403239899999984, 4.2266205026189425], Velocity: [0.46591371935782594, 1.048925939051604, -24.016883938229594]
Position: [1.656642410351498, 3.760218200524727, 72.35924447974661], Rotation: [-4.3249168400000055, -1.9687140499999984, 4.2266205026189425], Velocity: [0.46864173589881447, 1.0551809293287506, -24.136843634057076]
Position: [1.6613288277104863, 3.7707700098180146, 72.11689504340603], Rotation: [-4.344737440000006, -1.9971041099999984, 4.2266205026189425], Velocity: [0.471369752439803, 1.0614359196058973, -24.25680332988456]
Position: [1.6660425252348843, 3.7813843690140736, 71.87334601010718], Rotation: [-4.364558040000006, -2.0254941699999987, 4.2266205026189425], Velocity: [0.47409776898079153, 1.067690909883044, -24.37676302571204]
Position: [1.6707835029246922, 3.792061278112904, 71.62859737985006], Rotation: [-4.384378640000006, -2.0538842299999986, 4.2266205026189425], Velocity: [0.47682578552178007, 1.0739459001601908, -24.496722721539523]
Position: [1.67555176077991, 3.8028007371145063, 71.38264915263467], Rotation: [-4.404191570000005, -2.0616627099999985, 4.2266205026189425], Velocity: [0.4982161674522593, 1.1230941287251157, -24.54040587536913]
Position: [1.6805339224544327, 3.8140316784017574, 71.13626409388098], Rotation: [-4.424004500000005, -2.0694411899999983, 4.2266205026189425], Velocity: [0.5196065493827385, 1.1722423572900407, -24.58408902919874]
Position: [1.6857299879482601, 3.825754101974658, 70.889442203589], Rotation: [-4.443817430000005, -2.077219669999998, 4.2266205026189425], Velocity: [0.5409969313132178, 1.2213905858549656, -24.62777218302835]
Position: [1.6911399572613923, 3.8379680078332075, 70.64218348175872], Rotation: [-4.463630360000004, -2.084998149999998, 4.2266205026189425], Velocity: [0.5623873132436971, 1.2705388144198906, -24.671455336857957]
Position: [1.6967638303938293, 3.8506733959774064, 70.39448792839015], Rotation: [-4.483443290000004, -2.0927766299999977, 4.2266205026189425], Velocity: [0.5837776951741763, 1.3196870429848155, -24.715138490687565]
Position: [1.702601607345571, 3.8638702664072544, 70.14635554348327], Rotation: [-4.5032562200000035, -2.1005551099999975, 4.2266205026189425], Velocity: [0.6051680771046556, 1.3688352715497405, -24.758821644517173]
Position: [1.7086532881166174, 3.877558619122752, 69.89778632703809], Rotation: [-4.523069150000003, -2.1083335899999973, 4.2266205026189425], Velocity: [0.6265584590351349, 1.4179835001146655, -24.80250479834678]
Position: [1.7149188727069689, 3.8917384541238986, 69.64878027905462], Rotation: [-4.542882080000003, -2.116112069999997, 4.2266205026189425], Velocity: [0.6479488409656141, 1.4671317286795904, -24.84618795217639]
Position: [1.721398361116625, 3.9064097714106945, 69.39933739953285], Rotation: [-4.562695010000002, -2.123890549999997, 4.2266205026189425], Velocity: [0.6693392228960934, 1.5162799572445154, -24.889871106005998]
Position: [1.728091753345586, 3.9215725709831397, 69.1494576884728], Rotation: [-4.582507940000002, -2.1316690299999967, 4.2266205026189425], Velocity: [0.6907296048265726, 1.5654281858094403, -24.933554259835606]
Position: [1.7349990493938516, 3.937226852841234, 68.89914114587444], Rotation: [-4.602320870000002, -2.1394475099999966, 4.2266205026189425], Velocity: [0.7121199867570519, 1.6145764143743653, -24.977237413665215]
Position: [1.742120249261422, 3.9533726169849777, 68.64838777173779], Rotation: [-4.622133800000001, -2.1472259899999964, 4.2266205026189425], Velocity: [0.7335103686875312, 1.6637246429392902, -25.020920567494823]
Position: [1.7494553529482975, 3.9700098634143703, 68.39719756606284], Rotation: [-4.641946730000001, -2.155004469999996, 4.2266205026189425], Velocity: [0.7549007506180104, 1.7128728715042152, -25.06460372132443]
Position: [1.7570043604544776, 3.9871385921294125, 68.1455705288496], Rotation: [-4.66175966, -2.162782949999996, 4.2266205026189425], Velocity: [0.7762911325484897, 1.7620211000691401, -25.10828687515404]
Position: [1.7647672717799625, 4.004758803130104, 67.89350666009807], Rotation: [-4.68157259, -2.170561429999996, 4.2266205026189425], Velocity: [0.797681514478969, 1.811169328634065, -25.151970028983648]
Position: [1.7727440869247522, 4.022870496416444, 67.64100595980823], Rotation: [-4.70138552, -2.1783399099999956, 4.2266205026189425], Velocity: [0.8190718964094482, 1.86031755719899, -25.195653182813256]
Position: [1.7809348058888466, 4.041473671988434, 67.38806842798009], Rotation: [-4.721198449999999, -2.1861183899999954, 4.2266205026189425], Velocity: [0.8404622783399275, 1.909465785763915, -25.239336336642864]
Position: [1.789339428672246, 4.060568329846073, 67.13469406461365], Rotation: [-4.741011379999999, -2.1938968699999952, 4.2266205026189425], Velocity: [0.8618526602704067, 1.95861401432884, -25.283019490472473]
Position: [1.79795795527495, 4.0801544699893615, 66.88088286970893], Rotation: [-4.7608243099999985, -2.201675349999995, 4.2266205026189425], Velocity: [0.883243042200886, 2.0077622428937647, -25.32670264430208]
Position: [1.806790385696959, 4.100232092418299, 66.6266348432659], Rotation: [-4.780637239999998, -2.209453829999995, 4.2266205026189425], Velocity: [0.9046334241313653, 2.0569104714586897, -25.37038579813169]
Position: [1.8158367199382726, 4.120801197132886, 66.37194998528459], Rotation: [-4.800450169999998, -2.2172323099999947, 4.2266205026189425], Velocity: [0.9260238060618445, 2.1060587000236146, -25.414068951961298]
Position: [1.825096957998891, 4.1418617841331224, 66.11682829576498], Rotation: [-4.820263099999997, -2.2250107899999945, 4.2266205026189425], Velocity: [0.9474141879923238, 2.1552069285885396, -25.457752105790906]
Position: [1.8345710998788143, 4.163413853419008, 65.86126977470707], Rotation: [-4.840076029999997, -2.2327892699999943, 4.2266205026189425], Velocity: [0.9688045699228031, 2.2043551571534645, -25.501435259620514]
Position: [1.8442591455780424, 4.185457404990542, 65.60527442211087], Rotation: [-4.859888959999997, -2.240567749999994, 4.2266205026189425], Velocity: [0.9901949518532823, 2.2535033857183895, -25.545118413450123]
Position: [1.8541610950965752, 4.207992438847726, 65.34884223797637], Rotation: [-4.879701889999996, -2.248346229999994, 4.2266205026189425], Velocity: [1.0115853337837615, 2.3026516142833144, -25.58880156727973]
Position: [1.8642769484344128, 4.231018954990559, 65.09197322230358], Rotation: [-4.899514819999996, -2.2561247099999937, 4.2266205026189425], Velocity: [1.0329757157142407, 2.3517998428482394, -25.63248472110934]
Position: [1.8746067055915552, 4.254536953419041, 64.83466737509248], Rotation: [-4.9193277499999954, -2.2639031899999935, 4.2266205026189425], Velocity: [1.05436609764472, 2.4009480714131644, -25.676167874938947]
Position: [1.8851503665680023, 4.278546434133173, 64.57692469634308], Rotation: [-4.939140679999995, -2.2716816699999933, 4.2266205026189425], Velocity: [1.0757564795751993, 2.4500962999780893, -25.719851028768556]
Position: [1.8959079313637544, 4.303047397132954, 64.3187451860554], Rotation: [-4.958953609999995, -2.279460149999993, 4.2266205026189425], Velocity: [1.0971468615056785, 2.4992445285430143, -25.763534182598164]
Position: [1.9068793999788112, 4.328039842418384, 64.06012884422941], Rotation: [-4.978766539999994, -2.287238629999993, 4.2266205026189425], Velocity: [1.1185372434361578, 2.548392757107939, -25.807217336427772]
Position: [1.9180647724131727, 4.353523769989463, 63.80107567086513], Rotation: [-4.998579469999994, -2.2950171099999928, 4.2266205026189425], Velocity: [1.139927625366637, 2.597540985672864, -25.85090049025738]
Position: [1.929464048666839, 4.379499179846192, 63.54158566596256], Rotation: [-5.018386639999994, -2.2821859299999927, 4.2266205026189425], Velocity: [1.1277895228179984, 2.5696075635317626, -25.939988780358455]
Position: [1.940741943895019, 4.40519525548151, 63.28120477815897], Rotation: [-5.038193809999994, -2.2693547499999926, 4.2266205026189425], Velocity: [1.1156514202693597, 2.541674141390661, -26.02907707045953]
Position: [1.9518984580977128, 4.430611996895417, 63.01993300745438], Rotation: [-5.058000979999994, -2.2565235699999926, 4.2266205026189425], Velocity: [1.103513317720721, 2.5137407192495593, -26.118165360560603]
Position: [1.96293359127492, 4.455749404087912, 62.75777035384877], Rotation: [-5.077808149999994, -2.2436923899999925, 4.2266205026189425], Velocity: [1.0913752151720824, 2.4858072971084577, -26.207253650661677]
Position: [1.9738473434266408, 4.480607477058997, 62.49471681734215], Rotation: [-5.097615319999994, -2.2308612099999925, 4.2266205026189425], Velocity: [1.0792371126234437, 2.457873874967356, -26.29634194076275]
Position: [1.9846397145528754, 4.505186215808671, 62.23077239793452], Rotation: [-5.117422489999994, -2.2180300299999924, 4.2266205026189425], Velocity: [1.067099010074805, 2.4299404528262545, -26.385430230863825]
Position: [1.9953107046536234, 4.529485620336933, 61.96593709562588], Rotation: [-5.137229659999994, -2.2051988499999924, 4.2266205026189425], Velocity: [1.0549609075261663, 2.402007030685153, -26.4745185209649]
Position: [2.005860313728885, 4.553505690643784, 61.70021091041623], Rotation: [-5.157036829999994, -2.1923676699999923, 4.2266205026189425], Velocity: [1.0428228049775277, 2.3740736085440513, -26.563606811065974]
Position: [2.01628854177866, 4.577246426729225, 61.43359384230557], Rotation: [-5.176843999999994, -2.1795364899999923, 4.2266205026189425], Velocity: [1.030684702428889, 2.3461401864029496, -26.652695101167048]
Position: [2.026595388802949, 4.600707828593254, 61.166085891293896], Rotation: [-5.196651169999994, -2.1667053099999922, 4.2266205026189425], Velocity: [1.0185465998802503, 2.318206764261848, -26.74178339126812]
Position: [2.0367808548017514, 4.623889896235873, 60.89768705738121], Rotation: [-5.216458339999994, -2.153874129999992, 4.2266205026189425], Velocity: [1.0064084973316116, 2.2902733421207464, -26.830871681369196]
Position: [2.0468449397750677, 4.646792629657081, 60.62839734056752], Rotation: [-5.236265509999994, -2.141042949999992, 4.2266205026189425], Velocity: [0.994270394782973, 2.262339919979645, -26.91995997147027]
Position: [2.0567876437228976, 4.669416028856877, 60.35821674085281], Rotation: [-5.256072679999994, -2.128211769999992, 4.2266205026189425], Velocity: [0.9821322922343343, 2.234406497838543, -27.009048261571344]
Position: [2.0666089666452407, 4.691760093835263, 60.0871452582371], Rotation: [-5.275879849999994, -2.115380589999992, 4.2266205026189425], Velocity: [0.9699941896856956, 2.2064730756974416, -27.098136551672418]
Position: [2.0763089085420976, 4.713824824592237, 59.81518289272038], Rotation: [-5.295687019999994, -2.102549409999992, 4.2266205026189425], Velocity: [0.9578560871370569, 2.17853965355634, -27.187224841773492]
Position: [2.085887469413468, 4.7356102211278, 59.54232964430265], Rotation: [-5.315494189999994, -2.089718229999992, 4.2266205026189425], Velocity: [0.9457179845884183, 2.1506062314152383, -27.276313131874566]
Position: [2.0953446492593524, 4.7571162834419525, 59.268585512983904], Rotation: [-5.335301359999994, -2.076887049999992, 4.2266205026189425], Velocity: [0.9335798820397796, 2.1226728092741367, -27.36540142197564]
Position: [2.1046804480797503, 4.778343011534694, 58.99395049876415], Rotation: [-5.355108529999994, -2.064055869999992, 4.2266205026189425], Velocity: [0.9214417794911409, 2.094739387133035, -27.454489712076715]
Position: [2.113894865874662, 4.799290405406024, 58.718424601643385], Rotation: [-5.374915699999994, -2.0512246899999917, 4.2266205026189425], Velocity: [0.9093036769425022, 2.0668059649919335, -27.54357800217779]
Position: [2.1229879026440868, 4.819958465055944, 58.44200782162161], Rotation: [-5.394722869999994, -2.0383935099999917, 4.2266205026189425], Velocity: [0.8971655743938636, 2.038872542850832, -27.632666292278863]
Position: [2.1319595583880253, 4.840347190484452, 58.16470015869882], Rotation: [-5.414530039999994, -2.0255623299999916, 4.2266205026189425], Velocity: [0.8850274718452249, 2.0109391207097302, -27.721754582379937]
Position: [2.1408098331064775, 4.860456581691549, 57.88650161287502], Rotation: [-5.434337209999994, -2.0127311499999916, 4.2266205026189425], Velocity: [0.8728893692965862, 1.9830056985686288, -27.81084287248101]
Position: [2.1495387267994435, 4.8802866386772354, 57.60741218415021], Rotation: [-5.454144379999994, -1.9998999699999915, 4.2266205026189425], Velocity: [0.8607512667479476, 1.9550722764275275, -27.899931162582085]
Position: [2.158146239466923, 4.899837361441511, 57.32743187252439], Rotation: [-5.473951549999994, -1.9870687899999915, 4.2266205026189425], Velocity: [0.8486131641993089, 1.927138854286426, -27.98901945268316]
Position: [2.1666323711089164, 4.9191087499843755, 57.04656067799756], Rotation: [-5.4937587199999935, -1.9742376099999914, 4.2266205026189425], Velocity: [0.8364750616506702, 1.8992054321453247, -28.078107742784233]
Position: [2.174997121725423, 4.9381008043058285, 56.76479860056972], Rotation: [-5.5135658899999935, -1.9614064299999914, 4.2266205026189425], Velocity: [0.8243369591020315, 1.8712720100042233, -28.167196032885307]
Position: [2.183240491316443, 4.956813524405871, 56.482145640240866], Rotation: [-5.5333730599999935, -1.9485752499999913, 4.2266205026189425], Velocity: [0.8121988565533929, 1.8433385878631219, -28.25628432298638]
Position: [2.191362479881977, 4.975246910284502, 56.198601797011], Rotation: [-5.5531802299999935, -1.9357440699999913, 4.2266205026189425], Velocity: [0.8000607540047542, 1.8154051657220205, -28.345372613087456]
Position: [2.1993630874220247, 4.993400961941722, 55.914167070880126], Rotation: [-5.5729873999999935, -1.9229128899999912, 4.2266205026189425], Velocity: [0.7879226514561155, 1.787471743580919, -28.43446090318853]
Position: [2.207242313936586, 5.0112756793775315, 55.62884146184824], Rotation: [-5.5927945699999935, -1.9100817099999912, 4.2266205026189425], Velocity: [0.7757845489074768, 1.7595383214398177, -28.523549193289604]
Position: [2.215000159425661, 5.0288710625919295, 55.34262496991534], Rotation: [-5.6126017399999935, -1.897250529999991, 4.2266205026189425], Velocity: [0.7636464463588382, 1.7316048992987163, -28.612637483390678]
Position: [2.222636623889249, 5.046187111584917, 55.05551759508143], Rotation: [-5.632408909999993, -1.884419349999991, 4.2266205026189425], Velocity: [0.7515083438101995, 1.703671477157615, -28.701725773491752]
Position: [2.230151707327351, 5.063223826356493, 54.76751933734651], Rotation: [-5.652210329999994, -1.913812279999991, 4.2266205026189425], Velocity: [0.7583252555713338, 1.7193839512061173, -28.88333178199723]
Position: [2.2377349598830643, 5.080417665868555, 54.47770501952654], Rotation: [-5.672011749999994, -1.943205209999991, 4.2266205026189425], Velocity: [0.7651421673324681, 1.7350964252546197, -29.06493779050271]
Position: [2.245386381556389, 5.0977686301211005, 54.18607464162151], Rotation: [-5.691813169999994, -1.972598139999991, 4.2266205026189425], Velocity: [0.7719590790936024, 1.7508088993031221, -29.24654379900819]
Position: [2.253105972347325, 5.1152767191141315, 53.892628203631425], Rotation: [-5.711614589999995, -2.001991069999991, 4.2266205026189425], Velocity: [0.7787759908547367, 1.7665213733516245, -29.42814980751367]
Position: [2.260893732255872, 5.132941932847648, 53.597365705556285], Rotation: [-5.731416009999995, -2.031383999999991, 4.2266205026189425], Velocity: [0.785592902615871, 1.782233847400127, -29.60975581601915]
Position: [2.268749661282031, 5.150764271321649, 53.30028714739609], Rotation: [-5.751217429999995, -2.0607769299999914, 4.2266205026189425], Velocity: [0.7924098143770053, 1.7979463214486293, -29.79136182452463]
Position: [2.276673759425801, 5.168743734536136, 53.00139252915084], Rotation: [-5.7710188499999955, -2.0901698599999916, 4.2266205026189425], Velocity: [0.7992267261381396, 1.8136587954971317, -29.972967833030108]
Position: [2.2846660266871823, 5.186880322491107, 52.70068185082054], Rotation: [-5.790820269999996, -2.119562789999992, 4.2266205026189425], Velocity: [0.8060436378992739, 1.8293712695456341, -30.154573841535587]
Position: [2.2927264630661752, 5.205174035186563, 52.39815511240518], Rotation: [-5.810621689999996, -2.148955719999992, 4.2266205026189425], Velocity: [0.8128605496604082, 1.8450837435941365, -30.336179850041066]
Position: [2.3008550685627793, 5.223624872622505, 52.09381231390477], Rotation: [-5.830423109999996, -2.1783486499999922, 4.2266205026189425], Velocity: [0.8196774614215425, 1.860796217642639, -30.517785858546546]
Position: [2.3090518431769946, 5.242232834798932, 51.78765345531931], Rotation: [-5.850224529999997, -2.2077415799999924, 4.2266205026189425], Velocity: [0.8264943731826768, 1.8765086916911413, -30.699391867052025]
Position: [2.3173167869088216, 5.260997921715843, 51.47967853664879], Rotation: [-5.870025949999997, -2.2371345099999926, 4.2266205026189425], Velocity: [0.8333112849438111, 1.8922211657396437, -30.880997875557505]
Position: [2.3256498997582598, 5.279920133373239, 51.16988755789322], Rotation: [-5.889827369999997, -2.266527439999993, 4.2266205026189425], Velocity: [0.8401281967049454, 1.9079336397881461, -31.062603884062984]
Position: [2.334051181725309, 5.298999469771121, 50.85828051905259], Rotation: [-5.9096287899999975, -2.295920369999993, 4.2266205026189425], Velocity: [0.8469451084660797, 1.9236461138366485, -31.244209892568463]
Position: [2.34252063280997, 5.318235930909488, 50.54485742012691], Rotation: [-5.929430209999998, -2.3253132999999933, 4.2266205026189425], Velocity: [0.853762020227214, 1.939358587885151, -31.425815901073943]
Position: [2.3510582530122424, 5.337629516788339, 50.22961826111617], Rotation: [-5.949231629999998, -2.3547062299999935, 4.2266205026189425], Velocity: [0.8605789319883483, 1.9550710619336533, -31.607421909579422]
Position: [2.359664042332126, 5.357180227407675, 49.91256304202038], Rotation: [-5.969033049999998, -2.3840991599999937, 4.2266205026189425], Velocity: [0.8673958437494826, 1.9707835359821557, -31.7890279180849]
Position: [2.3683380007696204, 5.376888062767497, 49.59369176283953], Rotation: [-5.988834469999999, -2.413492089999994, 4.2266205026189425], Velocity: [0.874212755510617, 1.9864960100306581, -31.97063392659038]
Position: [2.3770801283247267, 5.396753022867804, 49.27300442357363], Rotation: [-6.008635889999999, -2.442885019999994, 4.2266205026189425], Velocity: [0.8810296672717512, 2.0022084840791607, -32.152239935095864]
Position: [2.385890424997444, 5.416775107708595, 48.950501024222675], Rotation: [-6.028437309999999, -2.4722779499999943, 4.2266205026189425], Velocity: [0.8878465790328856, 2.017920958127663, -32.33384594360135]
Position: [2.394768890787773, 5.436954317289872, 48.62618156478666], Rotation: [-6.04823873, -2.5016708799999945, 4.2266205026189425], Velocity: [0.8946634907940199, 2.0336334321761655, -32.51545195210683]
Position: [2.4037155256957132, 5.4572906516116335, 48.300046045265596], Rotation: [-6.06804015, -2.5310638099999947, 4.2266205026189425], Velocity: [0.9014804025551542, 2.049345906224668, -32.69705796061231]
Position: [2.4127303297212648, 5.4777841106738805, 47.972094465659474], Rotation: [-6.08784157, -2.560456739999995, 4.2266205026189425], Velocity: [0.9082973143162885, 2.0650583802731703, -32.878663969117795]
Position: [2.4218133028644275, 5.498434694476612, 47.6423268259683], Rotation: [-6.10764299, -2.589849669999995, 4.2266205026189425], Velocity: [0.9151142260774228, 2.0807708543216727, -33.06026997762328]
Position: [2.430964445125202, 5.519242403019828, 47.310743126192065], Rotation: [-6.127444410000001, -2.6192425999999953, 4.2266205026189425], Velocity: [0.9219311378385571, 2.096483328370175, -33.24187598612876]
Position: [2.4401837565035875, 5.54020723630353, 46.97734336633078], Rotation: [-6.147245830000001, -2.6486355299999955, 4.2266205026189425], Velocity: [0.9287480495996914, 2.1121958024186775, -33.423481994634244]
Position: [2.4494712369995844, 5.561329194327717, 46.64212754638444], Rotation: [-6.167047250000001, -2.6780284599999957, 4.2266205026189425], Velocity: [0.9355649613608257, 2.12790827646718, -33.60508800313973]
Position: [2.458826886613193, 5.582608277092389, 46.30509566635304], Rotation: [-6.186848670000002, -2.707421389999996, 4.2266205026189425], Velocity: [0.94238187312196, 2.1436207505156823, -33.78669401164521]
Position: [2.4682507053444125, 5.604044484597545, 45.96624772623659], Rotation: [-6.206650090000002, -2.736814319999996, 4.2266205026189425], Velocity: [0.9491987848830943, 2.1593332245641847, -33.96830002015069]
Position: [2.4777426931932434, 5.625637816843187, 45.62558372603508], Rotation: [-6.226451510000002, -2.7662072499999963, 4.2266205026189425], Velocity: [0.9560156966442286, 2.175045698612687, -34.149906028656176]
Position: [2.4873028501596854, 5.647388273829314, 45.28310366574852], Rotation: [-6.2462529300000025, -2.7956001799999965, 4.2266205026189425], Velocity: [0.9628326084053629, 2.1907581726611896, -34.33151203716166]
Position: [2.496931176243739, 5.6692958555559265, 44.9388075453769], Rotation: [-6.266054350000003, -2.8249931099999968, 4.2266205026189425], Velocity: [0.9696495201664972, 2.206470646709692, -34.51311804566714]
Position: [2.506627671445404, 5.691360562023023, 44.59269536492023], Rotation: [-6.2858500200000025, -2.8337744599999968, 4.2266205026189425], Velocity: [0.9820764952141218, 2.2351590661312217, -34.585274317806764]
Position: [2.5164484363975452, 5.7137121526843355, 44.245861621742165], Rotation: [-6.305645690000002, -2.842555809999997, 4.2266205026189425], Velocity: [0.9945034702617463, 2.2638474855527515, -34.65743058994639]
Position: [2.5263934711001625, 5.7363506275398635, 43.8983063158427], Rotation: [-6.325441360000002, -2.851337159999997, 4.2266205026189425], Velocity: [1.006930445309371, 2.2925359049742813, -34.72958686208601]
Position: [2.536462775553256, 5.759275986589606, 43.550029447221846], Rotation: [-6.345237030000002, -2.860118509999997, 4.2266205026189425], Velocity: [1.0193574203569957, 2.321224324395811, -34.80174313422563]
Position: [2.546656349756826, 5.7824882298335645, 43.201031015879586], Rotation: [-6.365032700000001, -2.868899859999997, 4.2266205026189425], Velocity: [1.0317843954046204, 2.349912743817341, -34.873899406365254]
Position: [2.5569741937108725, 5.8059873572717375, 42.85131102181593], Rotation: [-6.384828370000001, -2.877681209999997, 4.2266205026189425], Velocity: [1.044211370452245, 2.3786011632388706, -34.94605567850488]
Position: [2.567416307415395, 5.829773368904126, 42.50086946503088], Rotation: [-6.404624040000001, -2.886462559999997, 4.2266205026189425], Velocity: [1.0566383454998698, 2.4072895826604004, -35.0182119506445]
Position: [2.577982690870394, 5.8538462647307306, 42.149706345524436], Rotation: [-6.4244197100000004, -2.895243909999997, 4.2266205026189425], Velocity: [1.0690653205474945, 2.43597800208193, -35.09036822278412]
Position: [2.5886733440758687, 5.87820604475155, 41.797821663296595], Rotation: [-6.44421538, -2.904025259999997, 4.2266205026189425], Velocity: [1.0814922955951192, 2.46466642150346, -35.162524494923744]
Position: [2.59948826703182, 5.902852708966584, 41.44521541834736], Rotation: [-6.46401105, -2.912806609999997, 4.2266205026189425], Velocity: [1.0939192706427439, 2.4933548409249897, -35.23468076706337]
Position: [2.610427459738247, 5.927786257375835, 41.09188761067673], Rotation: [-6.48380672, -2.921587959999997, 4.2266205026189425], Velocity: [1.1063462456903685, 2.5220432603465195, -35.30683703920299]
Position: [2.6214909221951506, 5.9530066899793, 40.737838240284695], Rotation: [-6.503602389999999, -2.930369309999997, 4.2266205026189425], Velocity: [1.1187732207379932, 2.5507316797680493, -35.37899331134261]
Position: [2.6326786544025307, 5.97851400677698, 40.38306730717127], Rotation: [-6.523398059999999, -2.939150659999997, 4.2266205026189425], Velocity: [1.131200195785618, 2.579420099189579, -35.451149583482234]
Position: [2.643990656360387, 6.004308207768876, 40.02757481133644], Rotation: [-6.543193729999999, -2.947932009999997, 4.2266205026189425], Velocity: [1.1436271708332426, 2.608108518611109, -35.52330585562186]
Position: [2.6554269280687195, 6.030389292954987, 39.671360752780224], Rotation: [-6.562989399999998, -2.956713359999997, 4.2266205026189425], Velocity: [1.1560541458808673, 2.6367969380326386, -35.59546212776148]
Position: [2.666987469527528, 6.056757262335314, 39.31442513150261], Rotation: [-6.582785069999998, -2.965494709999997, 4.2266205026189425], Velocity: [1.168481120928492, 2.6654853574541684, -35.6676183999011]
Position: [2.678672280736813, 6.083412115909855, 38.9567679475036], Rotation: [-6.602580739999998, -2.974276059999997, 4.2266205026189425], Velocity: [1.1809080959761167, 2.694173776875698, -35.739774672040724]
Position: [2.690481361696574, 6.110353853678612, 38.598389200783195], Rotation: [-6.6223764099999975, -2.983057409999997, 4.2266205026189425], Velocity: [1.1933350710237414, 2.722862196297228, -35.81193094418035]
Position: [2.7024147124068114, 6.137582475641585, 38.23928889134139], Rotation: [-6.642172079999997, -2.991838759999997, 4.2266205026189425], Velocity: [1.205762046071366, 2.7515506157187577, -35.88408721631997]
Position: [2.714472332867525, 6.165097981798772, 37.879467019178186], Rotation: [-6.661967749999997, -3.000620109999997, 4.2266205026189425], Velocity: [1.2181890211189907, 2.7802390351402875, -35.95624348845959]
Position: [2.726654223078715, 6.192900372150175, 37.51892358429359], Rotation: [-6.681763419999997, -3.009401459999997, 4.2266205026189425], Velocity: [1.2306159961666154, 2.8089274545618172, -36.028399760599214]
Position: [2.7389603830403813, 6.220989646695793, 37.157658586687596], Rotation: [-6.701559089999996, -3.018182809999997, 4.2266205026189425], Velocity: [1.2430429712142401, 2.837615873983347, -36.10055603273884]
Position: [2.7513908127525237, 6.249365805435627, 36.79567202636021], Rotation: [-6.721354759999996, -3.0269641599999972, 4.2266205026189425], Velocity: [1.2554699462618648, 2.866304293404877, -36.17271230487846]
Position: [2.7639455122151424, 6.278028848369676, 36.432963903311425], Rotation: [-6.741150429999996, -3.0357455099999973, 4.2266205026189425], Velocity: [1.2678969213094895, 2.8949927128264066, -36.24486857701808]
Position: [2.7766244814282373, 6.30697877549794, 36.069534217541246], Rotation: [-6.7609460999999955, -3.0445268599999973, 4.2266205026189425], Velocity: [1.2803238963571142, 2.9236811322479364, -36.317024849157704]
Position: [2.7894277203918083, 6.336215586820419, 35.70538296904967], Rotation: [-6.780741769999995, -3.0533082099999973, 4.2266205026189425], Velocity: [1.2927508714047389, 2.952369551669466, -36.38918112129733]
Position: [2.8023552291058555, 6.365739282337114, 35.3405101578367], Rotation: [-6.800537439999995, -3.0620895599999973, 4.2266205026189425], Velocity: [1.3051778464523636, 2.981057971090996, -36.46133739343695]
Position: [2.815407007570379, 6.395549862048024, 34.974915783902325], Rotation: [-6.820333109999995, -3.0708709099999973, 4.2266205026189425], Velocity: [1.3176048214999883, 3.0097463905125257, -36.53349366557657]
Position: [2.828583055785379, 6.4256473259531495, 34.60859984724656], Rotation: [-6.840128779999994, -3.0796522599999974, 4.2266205026189425], Velocity: [1.330031796547613, 3.0384348099340555, -36.605649937716194]
Position: [2.8418833737508553, 6.45603167405249, 34.2415623478694], Rotation: [-6.859924449999994, -3.0884336099999974, 4.2266205026189425], Velocity: [1.3424587715952376, 3.0671232293555852, -36.67780620985582]
Position: [2.8553079614668078, 6.4867029063460455, 33.87380328577084], Rotation: [-6.879720119999994, -3.0972149599999974, 4.2266205026189425], Velocity: [1.3548857466428623, 3.095811648777115, -36.74996248199544]
Position: [2.8688568189332364, 6.517661022833817, 33.50532266095089], Rotation: [-6.8995157899999935, -3.1059963099999974, 4.2266205026189425], Velocity: [1.367312721690487, 3.124500068198645, -36.82211875413506]
Position: [2.8825299461501412, 6.548906023515803, 33.13612047340954], Rotation: [-6.919303789999994, -3.0941679999999976, 4.2266205026189425], Velocity: [1.3327474099267154, 3.0445358652795, -36.88461670572929]
Position: [2.8958574202494085, 6.579351382168598, 32.766293306352246], Rotation: [-6.939091789999994, -3.0823396899999977, 4.2266205026189425], Velocity: [1.2981820981629437, 2.964571662360355, -36.947114657323525]
Position: [2.9088392412310378, 6.6089970987922015, 32.39584115977901], Rotation: [-6.958879789999994, -3.070511379999998, 4.2266205026189425], Velocity: [1.263616786399172, 2.88460745944121, -37.009612608917756]
Position: [2.9214754090950295, 6.637843173386614, 32.024764033689834], Rotation: [-6.978667789999994, -3.058683069999998, 4.2266205026189425], Velocity: [1.2290514746354004, 2.804643256522065, -37.07211056051199]
Position: [2.9337659238413836, 6.665889605951834, 31.653061928084714], Rotation: [-6.998455789999994, -3.046854759999998, 4.2266205026189425], Velocity: [1.1944861628716288, 2.72467905360292, -37.13460851210622]
Position: [2.9457107854700997, 6.693136396487864, 31.280734842963653], Rotation: [-7.018243789999994, -3.0350264499999984, 4.2266205026189425], Velocity: [1.1599208511078571, 2.644714850683775, -37.19710646370045]
Position: [2.957309993981178, 6.719583544994702, 30.90778277832665], Rotation: [-7.0380317899999945, -3.0231981399999985, 4.2266205026189425], Velocity: [1.1253555393440855, 2.56475064776463, -37.25960441529468]
Position: [2.968563549374619, 6.745231051472349, 30.534205734173703], Rotation: [-7.057819789999995, -3.0113698299999987, 4.2266205026189425], Velocity: [1.0907902275803139, 2.484786444845485, -37.32210236688891]
Position: [2.979471451650422, 6.770078915920803, 30.160003710504814], Rotation: [-7.077607789999995, -2.999541519999999, 4.2266205026189425], Velocity: [1.0562249158165422, 2.40482224192634, -37.384600318483145]
Position: [2.9900337008085875, 6.794127138340066, 29.785176707319984], Rotation: [-7.097395789999995, -2.987713209999999, 4.2266205026189425], Velocity: [1.0216596040527706, 2.324858039007195, -37.447098270077376]
Position: [3.0002502968491154, 6.817375718730138, 29.40972472461921], Rotation: [-7.117183789999995, -2.975884899999999, 4.2266205026189425], Velocity: [0.9870942922889988, 2.24489383608805, -37.50959622167161]
Position: [3.010121239772005, 6.839824657091018, 29.033647762402495], Rotation: [-7.136971789999995, -2.9640565899999993, 4.2266205026189425], Velocity: [0.952528980525227, 2.164929633168905, -37.57209417326584]
Position: [3.0196465295772574, 6.861473953422707, 28.656945820669836], Rotation: [-7.156759789999995, -2.9522282799999995, 4.2266205026189425], Velocity: [0.9179636687614553, 2.08496543024976, -37.63459212486007]
Position: [3.028826166264872, 6.882323607725205, 28.279618899421237], Rotation: [-7.176547789999995, -2.9403999699999996, 4.2266205026189425], Velocity: [0.8833983569976835, 2.0050012273306153, -37.6970900764543]
Position: [3.0376601498348488, 6.902373619998511, 27.901666998656694], Rotation: [-7.196335789999996, -2.92857166, 4.2266205026189425], Velocity: [0.8488330452339118, 1.9250370244114703, -37.75958802804853]
Position: [3.046148480287188, 6.921623990242626, 27.52309011837621], Rotation: [-7.216123789999996, -2.91674335, 4.2266205026189425], Velocity: [0.81426773347014, 1.8450728214923253, -37.822085979642765]
Position: [3.0542911576218894, 6.9400747184575495, 27.143888258579782], Rotation: [-7.235911789999996, -2.90491504, 4.2266205026189425], Velocity: [0.7797024217063683, 1.7651086185731804, -37.884583931236996]
Position: [3.062088181838953, 6.957725804643282, 26.764061419267414], Rotation: [-7.255699789999996, -2.8930867300000003, 4.2266205026189425], Velocity: [0.7451371099425965, 1.6851444156540354, -37.94708188283123]
Position: [3.069539552938379, 6.974577248799822, 26.3836096004391], Rotation: [-7.275487789999996, -2.8812584200000004, 4.2266205026189425], Velocity: [0.7105717981788248, 1.6051802127348904, -38.00957983442546]
Position: [3.0766452709201673, 6.99062905092717, 26.002532802094848], Rotation: [-7.295275789999996, -2.8694301100000006, 4.2266205026189425], Velocity: [0.676006486415053, 1.5252160098157455, -38.07207778601969]
Position: [3.0834053357843176, 7.0058812110253275, 25.62083102423465], Rotation: [-7.315063789999996, -2.8576018000000007, 4.2266205026189425], Velocity: [0.6414411746512813, 1.4452518068966005, -38.13457573761392]
Position: [3.0898197475308304, 7.020333729094293, 25.238504266858513], Rotation: [-7.3348517899999965, -2.845773490000001, 4.2266205026189425], Velocity: [0.6068758628875095, 1.3652876039774555, -38.19707368920815]
Position: [3.0958885061597057, 7.033986605134068, 24.85555252996643], Rotation: [-7.354639789999997, -2.833945180000001, 4.2266205026189425], Velocity: [0.5723105511237377, 1.2853234010583106, -38.259571640802385]
Position: [3.101611611670943, 7.046839839144651, 24.47197581355841], Rotation: [-7.374427789999997, -2.822116870000001, 4.2266205026189425], Velocity: [0.537745239359966, 1.2053591981391656, -38.322069592396616]
Position: [3.1069890640645426, 7.058893431126043, 24.087774117634442], Rotation: [-7.394215789999997, -2.8102885600000014, 4.2266205026189425], Velocity: [0.5031799275961942, 1.1253949952200206, -38.38456754399085]
Position: [3.1120208633405047, 7.070147381078243, 23.702947442194535], Rotation: [-7.414003789999997, -2.7984602500000015, 4.2266205026189425], Velocity: [0.4686146158324225, 1.0454307923008757, -38.44706549558508]
Position: [3.1167070094988287, 7.080601689001252, 23.317495787238684], Rotation: [-7.433791789999997, -2.7866319400000017, 4.2266205026189425], Velocity: [0.4340493040686507, 0.9654665893817307, -38.50956344717931]
Position: [3.1210475025395152, 7.09025635489507, 22.931419152766892], Rotation: [-7.453579789999997, -2.774803630000002, 4.2266205026189425], Velocity: [0.39948399230487897, 0.8855023864625857, -38.57206139877354]
Position: [3.125042342462564, 7.099111378759695, 22.544717538779157], Rotation: [-7.4733677899999975, -2.762975320000002, 4.2266205026189425], Velocity: [0.3649186805411072, 0.8055381835434408, -38.63455935036777]
Position: [3.128691529267975, 7.107166760595129, 22.15739094527548], Rotation: [-7.493155789999998, -2.751147010000002, 4.2266205026189425], Velocity: [0.33035336877733545, 0.7255739806242958, -38.697057301962005]
Position: [3.1319950629557485, 7.114422500401372, 21.76943937225586], Rotation: [-7.512943789999998, -2.7393187000000023, 4.2266205026189425], Velocity: [0.2957880570135637, 0.6456097777051508, -38.759555253556236]
Position: [3.1349529435258843, 7.1208785981784235, 21.3808628197203], Rotation: [-7.532726029999997, -2.7697125800000024, 4.2266205026189425], Velocity: [0.2977887828164884, 0.650245633546791, -38.906885609756664]
Position: [3.137930831354049, 7.127381054513892, 20.990812963622734], Rotation: [-7.552508269999997, -2.8001064600000025, 4.2266205026189425], Velocity: [0.2997895086194131, 0.6548814893884312, -39.05421596595709]
Position: [3.1409287264402432, 7.133929869407776, 20.599289803963163], Rotation: [-7.572290509999997, -2.8305003400000026, 4.2266205026189425], Velocity: [0.3017902344223378, 0.6595173452300713, -39.20154632215752]
Position: [3.1439466287844664, 7.140525042860077, 20.20629334074159], Rotation: [-7.592072749999996, -2.8608942200000027, 4.2266205026189425], Velocity: [0.30379096022526253, 0.6641532010717115, -39.348876678357946]
Position: [3.146984538386719, 7.147166574870794, 19.81182357395801], Rotation: [-7.611854989999996, -2.891288100000003, 4.2266205026189425], Velocity: [0.30579168602818724, 0.6687890569133517, -39.496207034558374]
Position: [3.150042455247001, 7.153854465439927, 19.415880503612424], Rotation: [-7.6316372299999955, -2.921681980000003, 4.2266205026189425], Velocity: [0.30779241183111195, 0.6734249127549918, -39.6435373907588]
Position: [3.153120379365312, 7.160588714567477, 19.018464129704835], Rotation: [-7.651419469999995, -2.952075860000003, 4.2266205026189425], Velocity: [0.30979313763403665, 0.678060768596632, -39.79086774695923]
Position: [3.1562183107416524, 7.167369322253443, 18.61957445223524], Rotation: [-7.671201709999995, -2.982469740000003, 4.2266205026189425], Velocity: [0.31179386343696136, 0.6826966244382722, -39.93819810315966]
Position: [3.159336249376022, 7.174196288497826, 18.219211471203646], Rotation: [-7.690983949999994, -3.012863620000003, 4.2266205026189425], Velocity: [0.31379458923988607, 0.6873324802799123, -40.085528459360084]
Position: [3.162474195268421, 7.181069613300625, 17.817375186610047], Rotation: [-7.710766189999994, -3.0432575000000033, 4.2266205026189425], Velocity: [0.3157953150428108, 0.6919683361215525, -40.23285881556051]
Position: [3.165632148418849, 7.187989296661841, 17.414065598454442], Rotation: [-7.730548429999994, -3.0736513800000034, 4.2266205026189425], Velocity: [0.3177960408457355, 0.6966041919631927, -40.38018917176094]
Position: [3.1688101088273064, 7.194955338581472, 17.009282706736833], Rotation: [-7.750330669999993, -3.1040452600000035, 4.2266205026189425], Velocity: [0.3197967666486602, 0.7012400478048328, -40.52751952796137]
Position: [3.172008076493793, 7.201967739059521, 16.60302651145722], Rotation: [-7.770112909999993, -3.1344391400000036, 4.2266205026189425], Velocity: [0.3217974924515849, 0.705875903646473, -40.674849884161794]
Position: [3.175226051418309, 7.2090264980959855, 16.1952970126156], Rotation: [-7.789895149999992, -3.1648330200000037, 4.2266205026189425], Velocity: [0.3237982182545096, 0.7105117594881132, -40.82218024036222]
Position: [3.178464033600854, 7.216131615690867, 15.786094210211978], Rotation: [-7.809677389999992, -3.1952269000000038, 4.2266205026189425], Velocity: [0.3257989440574343, 0.7151476153297534, -40.96951059656265]
Position: [3.1817220230414285, 7.223283091844165, 15.375418104246352], Rotation: [-7.829459629999992, -3.225620780000004, 4.2266205026189425], Velocity: [0.327799669860359, 0.7197834711713935, -41.11684095276308]
Position: [3.185000019740032, 7.230480926555878, 14.963268694718721], Rotation: [-7.849241869999991, -3.256014660000004, 4.2266205026189425], Velocity: [0.32980039566328373, 0.7244193270130337, -41.264171308963505]
Position: [3.1882980236966647, 7.237725119826009, 14.549645981629086], Rotation: [-7.869024109999991, -3.286408540000004, 4.2266205026189425], Velocity: [0.33180112146620844, 0.7290551828546739, -41.41150166516393]
Position: [3.191616034911327, 7.2450156716545555, 14.134549964977445], Rotation: [-7.8888063499999905, -3.316802420000004, 4.2266205026189425], Velocity: [0.33380184726913315, 0.733691038696314, -41.55883202136436]
Position: [3.194954053384018, 7.252352582041518, 13.717980644763802], Rotation: [-7.90858858999999, -3.3471963000000042, 4.2266205026189425], Velocity: [0.33580257307205785, 0.7383268945379542, -41.70616237756479]
Position: [3.198312079114739, 7.259735850986898, 13.299938020988154], Rotation: [-7.92837082999999, -3.3775901800000043, 4.2266205026189425], Velocity: [0.33780329887498256, 0.7429627503795944, -41.853492733765215]
Position: [3.2016901121034884, 7.267165478490694, 12.880422093650502], Rotation: [-7.948153069999989, -3.4079840600000044, 4.2266205026189425], Velocity: [0.33980402467790727, 0.7475986062212345, -42.00082308996564]
Position: [3.2050881523502674, 7.274641464552906, 12.459432862750845], Rotation: [-7.967935309999989, -3.4383779400000045, 4.2266205026189425], Velocity: [0.341804750480832, 0.7522344620628747, -42.14815344616607]
Position: [3.208506199855076, 7.282163809173535, 12.036970328289184], Rotation: [-7.987717549999989, -3.4687718200000046, 4.2266205026189425], Velocity: [0.3438054762837567, 0.7568703179045149, -42.2954838023665]
Position: [3.2119442546179133, 7.28973251235258, 11.61303449026552], Rotation: [-8.007499789999988, -3.4991657000000047, 4.2266205026189425], Velocity: [0.3458062020866814, 0.761506173746155, -42.442814158566925]
Position: [3.21540231663878, 7.2973475740900415, 11.18762534867985], Rotation: [-8.027282029999988, -3.529559580000005, 4.2266205026189425], Velocity: [0.3478069278896061, 0.7661420295877952, -42.59014451476735]
Position: [3.2188803859176764, 7.305008994385919, 10.760742903532176], Rotation: [-8.047064269999987, -3.559953460000005, 4.2266205026189425], Velocity: [0.3498076536925308, 0.7707778854294354, -42.73747487096778]
Position: [3.2223784624546017, 7.312716773240214, 10.332387154822499], Rotation: [-8.066846509999987, -3.590347340000005, 4.2266205026189425], Velocity: [0.3518083794954555, 0.7754137412710755, -42.88480522716821]
Position: [3.2258965462495564, 7.320470910652925, 9.902558102550817], Rotation: [-8.086628749999987, -3.620741220000005, 4.2266205026189425], Velocity: [0.3538091052983802, 0.7800495971127157, -43.032135583368635]
Position: [3.22943463730254, 7.328271406624052, 9.47125574671713], Rotation: [-8.106410989999986, -3.651135100000005, 4.2266205026189425], Velocity: [0.35580983110130493, 0.7846854529543559, -43.17946593956906]
Position: [3.232992735613553, 7.3361182611535956, 9.038480087321439], Rotation: [-8.126193229999986, -3.6815289800000053, 4.2266205026189425], Velocity: [0.35781055690422964, 0.789321308795996, -43.32679629576949]
Position: [3.2365708411825955, 7.344011474241555, 8.604231124363745], Rotation: [-8.145975469999986, -3.7119228600000054, 4.2266205026189425], Velocity: [0.35981128270715435, 0.7939571646376362, -43.47412665196992]
Position: [3.240168954009667, 7.351951045887931, 8.168508857844046], Rotation: [-8.165751959999985, -3.721707080000005, 4.2266205026189425], Velocity: [0.361409437413998, 0.7976660886391993, -43.56950868085516]
Position: [3.243783048383807, 7.359927706774323, 7.731832771035494], Rotation: [-8.185528449999985, -3.731491300000005, 4.2266205026189425], Velocity: [0.36300759212084166, 0.8013750126407624, -43.6648907097404]
Position: [3.247413124305015, 7.367941456900731, 7.29420286393809], Rotation: [-8.205304939999985, -3.7412755200000047, 4.2266205026189425], Velocity: [0.3646057468276853, 0.8050839366423255, -43.76027273862564]
Position: [3.251059181773292, 7.375992296267154, 6.855619136551834], Rotation: [-8.225081429999985, -3.7510597400000045, 4.2266205026189425], Velocity: [0.366203901534529, 0.8087928606438886, -43.85565476751088]
Position: [3.2547212207886376, 7.384080224873593, 6.416081588876725], Rotation: [-8.244857919999985, -3.7608439600000043, 4.2266205026189425], Velocity: [0.36780205624137263, 0.8125017846454516, -43.95103679639612]
Position: [3.2583992413510514, 7.392205242720047, 5.975590220912764], Rotation: [-8.264634409999985, -3.770628180000004, 4.2266205026189425], Velocity: [0.3694002109482163, 0.8162107086470147, -44.04641882528136]
Position: [3.2620932434605336, 7.400367349806517, 5.534145032659951], Rotation: [-8.284410899999985, -3.780412400000004, 4.2266205026189425], Velocity: [0.37099836565505995, 0.8199196326485778, -44.1418008541666]
Position: [3.2658032271170843, 7.408566546133003, 5.091746024118285], Rotation: [-8.304187389999985, -3.7901966200000037, 4.2266205026189425], Velocity: [0.3725965203619036, 0.8236285566501409, -44.23718288305184]
Position: [3.2695291923207033, 7.4168028316995045, 4.648393195287767], Rotation: [-8.323963879999985, -3.7999808400000035, 4.2266205026189425], Velocity: [0.37419467506874726, 0.827337480651704, -44.33256491193708]
Position: [3.2732711390713907, 7.425076206506022, 4.204086546168396], Rotation: [-8.343740369999985, -3.8097650600000033, 4.2266205026189425], Velocity: [0.3757928297755909, 0.8310464046532671, -44.427946940822316]
Position: [3.2770290673691465, 7.433386670552554, 3.758826076760173], Rotation: [-8.363516859999985, -3.819549280000003, 4.2266205026189425], Velocity: [0.3773909844824346, 0.8347553286548302, -44.523328969707556]
Position: [3.2808029772139706, 7.441734223839103, 3.3126117870630973], Rotation: [-8.383293349999985, -3.829333500000003, 4.2266205026189425], Velocity: [0.37898913918927823, 0.8384642526563932, -44.618710998592796]
Position: [3.284592868605863, 7.450118866365667, 2.8654436770771694], Rotation: [-8.403069839999985, -3.8391177200000026, 4.2266205026189425], Velocity: [0.3805872938961219, 0.8421731766579563, -44.714093027478036]
Position: [3.2883987415448246, 7.458540598132246, 2.417321746802389], Rotation: [-8.422846329999985, -3.8489019400000024, 4.2266205026189425], Velocity: [0.38218544860296555, 0.8458821006595194, -44.809475056363276]
Position: [3.2922205960308544, 7.466999419138841, 1.9682459962387564], Rotation: [-8.442622819999984, -3.858686160000002, 4.2266205026189425], Velocity: [0.3837836033098092, 0.8495910246610825, -44.904857085248516]
Position: [3.2960584320639525, 7.475495329385452, 1.5182164253862713], Rotation: [-8.462399309999984, -3.868470380000002, 4.2266205026189425], Velocity: [0.38538175801665286, 0.8532999486626456, -45.000239114133755]
Position: [3.299912249644119, 7.484028328872078, 1.0672330342449339], Rotation: [-8.482175799999984, -3.8782546000000018, 4.2266205026189425], Velocity: [0.3869799127234965, 0.8570088726642087, -45.095621143018995]
Position: [3.303782048771354, 7.49259841759872, 0.6152958228147438], Rotation: [-8.501952289999984, -3.8880388200000016, 4.2266205026189425], Velocity: [0.3885780674303402, 0.8607177966657718, -45.191003171904235]
Position: [3.3076678294456574, 7.501205595565378, 0.16240479109570144], Rotation: [-8.521728779999984, -3.8978230400000013, 4.2266205026189425], Velocity: [0.39017622213718384, 0.8644267206673348, -45.286385200789475]
Position: [3.311569591667029, 7.509849862772051, -0.2914400609121933], Rotation: [-8.541505269999984, -3.907607260000001, 4.2266205026189425], Velocity: [0.3917743768440275, 0.8681356446688979, -45.381767229674715]
