Position: [0.0, 0.0, 99.997275], Rotation: [-0.02818935, -0.026463566666666667, 5.220735548989321], Velocity: [0.0037928902724505007, 0.03130680590394181, -0.1640367165180937]
Position: [6.321483787417501e-05, 0.0005217800983990301, 99.9918160547247], Rotation: [-0.0563787, -0.052927133333333334, 5.220735548989321], Velocity: [0.007585780544901001, 0.06261361180788362, -0.3280734330361874]
Position: [0.00018964451362252503, 0.0015653402951970904, 99.98362316417409], Rotation: [-0.08456804999999999, -0.07939070000000001, 5.220735548989321], Velocity: [0.011378670817351503, 0.09392041771182544, -0.4921101495542811]
Position: [0.00037928902724505007, 0.003130680590394181, 99.97269632834819], Rotation: [-0.1127574, -0.10585426666666667, 5.220735548989321], Velocity: [0.015171561089802003, 0.12522722361576724, -0.6561468660723748]
Position: [0.0006321483787417501, 0.0052178009839903014, 99.95903554724698], Rotation: [-0.14094674999999998, -0.13231783333333333, 5.220735548989321], Velocity: [0.018964451362252503, 0.15653402951970904, -0.8201835825904685]
Position: [0.0009482225681126252, 0.007826701475985453, 99.94264082087048], Rotation: [-0.16913609999999998, -0.1587814, 5.220735548989321], Velocity: [0.022757341634703002, 0.18784083542365085, -0.9842202991085622]
Position: [0.0013275115953576752, 0.010957382066379633, 99.92351214921867], Rotation: [-0.19732544999999999, -0.18524496666666665, 5.220735548989321], Velocity: [0.026550231907153502, 0.21914764132759265, -1.148257015626656]
Position: [0.0017700154604769003, 0.014609842755172844, 99.90164953229156], Rotation: [-0.2255148, -0.2117085333333333, 5.220735548989321], Velocity: [0.030343122179604002, 0.2504544472315345, -1.3122937321447496]
Position: [0.0022757341634703004, 0.018784083542365083, 99.87705297008914], Rotation: [-0.25370414999999996, -0.23817209999999997, 5.220735548989321], Velocity: [0.034136012452054505, 0.2817612531354763, -1.4763304486628432]
Position: [0.0028446677043378757, 0.023480104427956356, 99.84972246261142], Rotation: [-0.28189349999999996, -0.26463566666666666, 5.220735548989321], Velocity: [0.037928902724505005, 0.3130680590394181, -1.6403671651809368]
Position: [0.003476816083079626, 0.028697905411946657, 99.81965800985841], Rotation: [-0.31008284999999997, -0.2910992333333333, 5.220735548989321], Velocity: [0.041721792996955505, 0.3443748649433599, -1.8044038816990304]
Position: [0.004172179299695551, 0.034437486494335985, 99.7868596118301], Rotation: [-0.33827219999999997, -0.3175628, 5.220735548989321], Velocity: [0.045514683269406005, 0.3756816708473017, -1.968440598217124]
Position: [0.004930757354185651, 0.04069884767512435, 99.75132726852648], Rotation: [-0.36646154999999997, -0.34402636666666664, 5.220735548989321], Velocity: [0.049307573541856504, 0.4069884767512435, -2.1324773147352176]
Position: [0.005752550246549927, 0.047481988954311743, 99.71306097994756], Rotation: [-0.39465089999999997, -0.3704899333333333, 5.220735548989321], Velocity: [0.053100463814307004, 0.4382952826551853, -2.296514031253311]
Position: [0.006637557976788376, 0.05478691033189816, 99.67206074609334], Rotation: [-0.42284025, -0.39695349999999996, 5.220735548989321], Velocity: [0.056893354086757504, 0.4696020885591271, -2.460550747771405]
Position: [0.007585780544901001, 0.0626136118078836, 99.6283265669638], Rotation: [-0.4510296, -0.4234170666666666, 5.220735548989321], Velocity: [0.060686244359208004, 0.500908894463069, -2.6245874642894984]
Position: [0.008597217950887802, 0.07096209338226808, 99.58185844255898], Rotation: [-0.47921895, -0.4498806333333333, 5.220735548989321], Velocity: [0.06447913463165851, 0.5322157003670108, -2.788624180807592]
Position: [0.009671870194748777, 0.0798323550550516, 99.53265637287886], Rotation: [-0.5074082999999999, -0.47634419999999994, 5.220735548989321], Velocity: [0.06827202490410901, 0.5635225062709527, -2.9526608973256856]
Position: [0.010809737276483928, 0.08922439682623415, 99.48072035792343], Rotation: [-0.5355976499999999, -0.5028077666666666, 5.220735548989321], Velocity: [0.07206491517655951, 0.5948293121748945, -3.116697613843779]
Position: [0.012010819196093253, 0.09913821869581572, 99.4260503976927], Rotation: [-0.5637774166666666, -0.4949218999999999, 5.220735548989321], Velocity: [0.0654822483622199, 0.5402325713678731, -3.1727779913882728]
Position: [0.013102190002130252, 0.10814209488528027, 99.3704457645029], Rotation: [-0.5919571833333332, -0.48703603333333323, 5.220735548989321], Velocity: [0.05889958154788029, 0.4856358305608516, -3.2288583689327663]
Position: [0.014083849694594924, 0.1162360253946278, 99.31390645835403], Rotation: [-0.6201369499999999, -0.47915016666666654, 5.220735548989321], Velocity: [0.05231691473354068, 0.4310390897538301, -3.28493874647726]
Position: [0.014955798273487269, 0.12342001022385829, 99.25643247924607], Rotation: [-0.6483167166666666, -0.47126429999999986, 5.220735548989321], Velocity: [0.04573424791920107, 0.3764423489468086, -3.3410191240217535]
Position: [0.015718035738807288, 0.12969404937297177, 99.19802382717904], Rotation: [-0.6764964833333332, -0.4633784333333332, 5.220735548989321], Velocity: [0.03915158110486146, 0.32184560813978713, -3.397099501566247]
Position: [0.01637056209055498, 0.1350581428419682, 99.13868050215294], Rotation: [-0.7046762499999999, -0.4554925666666665, 5.220735548989321], Velocity: [0.03256891429052185, 0.26724886733276565, -3.4531798791107406]
Position: [0.016913377328730342, 0.13951229063084764, 99.07840250416776], Rotation: [-0.7328560166666666, -0.4476066999999998, 5.220735548989321], Velocity: [0.025986247476182237, 0.21265212652574414, -3.5092602566552342]
Position: [0.017346481453333378, 0.14305649273961005, 99.0171898332235], Rotation: [-0.7610357833333332, -0.4397208333333331, 5.220735548989321], Velocity: [0.019403580661842626, 0.15805538571872263, -3.565340634199728]
Position: [0.017669874464364087, 0.14569074916825542, 98.95504248932016], Rotation: [-0.7892155499999999, -0.43183496666666643, 5.220735548989321], Velocity: [0.012820913847503015, 0.10345864491170112, -3.6214210117442214]
Position: [0.01788355636182247, 0.14741505991678377, 98.89196047245775], Rotation: [-0.8173953166666665, -0.42394909999999975, 5.220735548989321], Velocity: [0.006238247033163405, 0.04886190410467961, -3.677501389288715]
Position: [0.017987527145708525, 0.1482294249851951, 98.82794378263628], Rotation: [-0.8455750833333332, -0.41606323333333306, 5.220735548989321], Velocity: [-0.00034441978117620564, -0.0057348367023419, -3.7335817668332085]
Position: [0.017981786816022256, 0.1481338443734894, 98.76299241985573], Rotation: [-0.8737548499999999, -0.4081773666666664, 5.220735548989321], Velocity: [-0.006927086595515816, -0.06033157750936341, -3.789662144377702]
Position: [0.01786633537276366, 0.14712831808166668, 98.69710638411611], Rotation: [-0.9019346166666665, -0.4002914999999997, 5.220735548989321], Velocity: [-0.013509753409855427, -0.11492831831638492, -3.8457425219221957]
Position: [0.017641172815932738, 0.14521284610972693, 98.63028567541741], Rotation: [-0.9301143833333332, -0.392405633333333, 5.220735548989321], Velocity: [-0.020092420224195037, -0.16952505912340643, -3.9018228994666893]
Position: [0.01730629914552949, 0.14238742845767016, 98.56253029375964], Rotation: [-0.9582941499999998, -0.3845197666666663, 5.220735548989321], Velocity: [-0.026675087038534648, -0.22412179993042794, -3.957903277011183]
Position: [0.01686171436155391, 0.13865206512549635, 98.49384023914278], Rotation: [-0.9864739166666665, -0.37663389999999963, 5.220735548989321], Velocity: [-0.03325775385287426, -0.27871854073744945, -4.013983654555677]
Position: [0.016307418464006008, 0.13400675611320553, 98.42421551156686], Rotation: [-1.0146536833333333, -0.36874803333333295, 5.220735548989321], Velocity: [-0.03984042066721387, -0.333315281544471, -4.070064032100171]
Position: [0.015643411452885777, 0.12845150142079767, 98.35365611103185], Rotation: [-1.04283345, -0.36086216666666626, 5.220735548989321], Velocity: [-0.04642308748155348, -0.38791202235149247, -4.126144409644665]
Position: [0.014869693328193219, 0.1219863010482728, 98.28216203753777], Rotation: [-1.0710132166666668, -0.3529762999999996, 5.220735548989321], Velocity: [-0.05300575429589309, -0.44250876315851395, -4.182224787189159]
Position: [0.013986264089928334, 0.11461115499563089, 98.20973329108462], Rotation: [-1.0991929833333336, -0.3450904333333329, 5.220735548989321], Velocity: [-0.0595884211102327, -0.49710550396553543, -4.238305164733653]
Position: [0.012993123738091122, 0.10632606326287197, 98.13636987167239], Rotation: [-1.1273727500000004, -0.3372045666666662, 5.220735548989321], Velocity: [-0.06617108792457231, -0.5517022447725569, -4.294385542278147]
Position: [0.011890272272681583, 0.09713102584999603, 98.06207177930108], Rotation: [-1.1555525166666671, -0.3293186999999995, 5.220735548989321], Velocity: [-0.07275375473891192, -0.6062989855795784, -4.350465919822641]
Position: [0.010677709693699716, 0.08702604275700306, 97.9868390139707], Rotation: [-1.183732283333334, -0.32143283333333283, 5.220735548989321], Velocity: [-0.07933642155325153, -0.6608957263865999, -4.406546297367135]
Position: [0.009355436001145525, 0.07601111398389306, 97.91067157568125], Rotation: [-1.2119120500000007, -0.31354696666666615, 5.220735548989321], Velocity: [-0.08591908836759114, -0.7154924671936214, -4.462626674911629]
Position: [0.007923451195019006, 0.06408623953066603, 97.83356946443273], Rotation: [-1.2400918166666675, -0.30566109999999946, 5.220735548989321], Velocity: [-0.09250175518193075, -0.7700892080006428, -4.518707052456123]
Position: [0.00638175527532016, 0.05125141939732198, 97.75553268022513], Rotation: [-1.2682715833333342, -0.2977752333333328, 5.220735548989321], Velocity: [-0.09908442199627036, -0.8246859488076643, -4.574787430000617]
Position: [0.004730348242048987, 0.037506653583860905, 97.67656122305846], Rotation: [-1.296451350000001, -0.2898893666666661, 5.220735548989321], Velocity: [-0.10566708881060997, -0.8792826896146858, -4.630867807545111]
Position: [0.002969230095205488, 0.02285194209028281, 97.5966550929327], Rotation: [-1.3246311166666678, -0.2820034999999994, 5.220735548989321], Velocity: [-0.11224975562494958, -0.9338794304217073, -4.686948185089605]
Position: [0.0010984008347896615, 0.0072872849165876875, 97.51581428984788], Rotation: [-1.3528108833333345, -0.2741176333333327, 5.220735548989321], Velocity: [-0.1188324224392892, -0.9884761712287288, -4.743028562634099]
Position: [-0.0008821395391984917, -0.00918731793722446, 97.43403881380398], Rotation: [-1.3809906500000013, -0.26623176666666604, 5.220735548989321], Velocity: [-0.12541508925362882, -1.0430729120357503, -4.799108940178593]
Position: [-0.0029723910267589722, -0.02657186647115363, 97.351328664801], Rotation: [-1.409170416666668, -0.25834589999999935, 5.220735548989321], Velocity: [-0.13199775606796843, -1.0976696528427718, -4.855189317723087]
Position: [-0.0051723536278917796, -0.04486636068519983, 97.26768384283895], Rotation: [-1.4373501833333349, -0.25046003333333267, 5.220735548989321], Velocity: [-0.13858042288230804, -1.1522663936497934, -4.911269695267581]
Position: [-0.007482027342596913, -0.06407080057936305, 97.18310434791782], Rotation: [-1.4655299500000016, -0.242574166666666, 5.220735548989321], Velocity: [-0.14516308969664765, -1.206863134456815, -4.967350072812075]
Position: [-0.009901412170874374, -0.0841851861536433, 97.09759018003761], Rotation: [-1.4937097166666684, -0.23468829999999935, 5.220735548989321], Velocity: [-0.15174575651098726, -1.2614598752638366, -5.023430450356569]
Position: [-0.012430508112724161, -0.10520951740804058, 97.01114133919833], Rotation: [-1.5218894833333352, -0.2268024333333327, 5.220735548989321], Velocity: [-0.15832842332532687, -1.3160566160708582, -5.079510827901063]
Position: [-0.015069315168146276, -0.12714379434255488, 96.92375782539997], Rotation: [-1.550069250000002, -0.21891656666666603, 5.220735548989321], Velocity: [-0.16491109013966648, -1.3706533568778798, -5.135591205445557]
Position: [-0.017817833337140716, -0.14998801695718622, 96.83543963864255], Rotation: [-1.5782490166666687, -0.21103069999999938, 5.220735548989321], Velocity: [-0.1714937569540061, -1.4252500976849014, -5.191671582990051]
Position: [-0.020676062619707485, -0.17374218525193458, 96.74618677892606], Rotation: [-1.6064287833333355, -0.20314483333333272, 5.220735548989321], Velocity: [-0.1780764237683457, -1.479846838491923, -5.247751960534545]
Position: [-0.02364400301584658, -0.19840629922679998, 96.65599924625049], Rotation: [-1.6346085500000023, -0.19525896666666606, 5.220735548989321], Velocity: [-0.18465909058268531, -1.5344435792989446, -5.303832338079039]
Position: [-0.026721654525558004, -0.2239803588817824, 96.56487704061584], Rotation: [-1.662788316666669, -0.1873730999999994, 5.220735548989321], Velocity: [-0.19124175739702493, -1.5890403201059662, -5.359912715623533]
Position: [-0.029909017148841754, -0.25046436421688184, 96.47282016202212], Rotation: [-1.6909680833333358, -0.17948723333333275, 5.220735548989321], Velocity: [-0.19782442421136454, -1.6436370609129878, -5.415993093168027]
Position: [-0.03320609088569783, -0.2778583152320983, 96.37982861046932], Rotation: [-1.7191478500000026, -0.1716013666666661, 5.220735548989321], Velocity: [-0.20440709102570415, -1.6982338017200094, -5.472073470712521]
Position: [-0.03661287573612623, -0.3061622119274318, 96.28590238595744], Rotation: [-1.7473276166666694, -0.16371549999999943, 5.220735548989321], Velocity: [-0.21098975784004376, -1.752830542527031, -5.528153848257015]
Position: [-0.04012937170012696, -0.3353760543028823, 96.19104148848649], Rotation: [-1.7755073833333361, -0.15582963333333277, 5.220735548989321], Velocity: [-0.21757242465438337, -1.8074272833340526, -5.584234225801509]
Position: [-0.04375557877770002, -0.36549984235844984, 96.09524591805646], Rotation: [-1.803687150000003, -0.14794376666666612, 5.220735548989321], Velocity: [-0.22415509146872298, -1.8620240241410742, -5.640314603346003]
Position: [-0.0474914969688454, -0.3965335760941344, 95.99851567466736], Rotation: [-1.8318669166666697, -0.14005789999999946, 5.220735548989321], Velocity: [-0.2307377582830626, -1.9166207649480957, -5.6963949808904975]
Position: [-0.05133712627356311, -0.42847725550993604, 95.90085075831918], Rotation: [-1.8600466833333364, -0.1321720333333328, 5.220735548989321], Velocity: [-0.2373204250974022, -1.9712175057551173, -5.7524753584349915]
Position: [-0.05529246669185315, -0.46133088060585464, 95.80225116901192], Rotation: [-1.8882264500000032, -0.12428616666666613, 5.220735548989321], Velocity: [-0.2439030919117418, -2.0258142465621387, -5.8085557359794855]
Position: [-0.059357518223715516, -0.4950944513818903, 95.7027169067456], Rotation: [-1.91640621666667, -0.11640029999999946, 5.220735548989321], Velocity: [-0.2504857587260814, -2.0804109873691603, -5.8646361135239795]
Position: [-0.0635322808691502, -0.5297679678380429, 95.6022479715202], Rotation: [-1.9445859833333368, -0.10851443333333279, 5.220735548989321], Velocity: [-0.25706842554042103, -2.135007728176182, -5.9207164910684735]
Position: [-0.06781675462815723, -0.5653514299743126, 95.50084436333573], Rotation: [-1.9727657500000035, -0.10062856666666611, 5.220735548989321], Velocity: [-0.26365109235476064, -2.1896044689832035, -5.9767968686129676]
Position: [-0.07221093950073657, -0.6018448377906994, 95.39850608219218], Rotation: [-2.00094551666667, -0.09274269999999944, 5.220735548989321], Velocity: [-0.27023375916910025, -2.244201209790225, -6.032877246157462]
Position: [-0.07671483548688823, -0.6392481912872031, 95.29523312808956], Rotation: [-2.029125283333337, -0.08485683333333277, 5.220735548989321], Velocity: [-0.27681642598343986, -2.2987979505972467, -6.088957623701956]
Position: [-0.08132844258661223, -0.6775614904638239, 95.19102550102787], Rotation: [-2.0573050500000036, -0.0769709666666661, 5.220735548989321], Velocity: [-0.2833990927977795, -2.3533946914042683, -6.14503800124645]
Position: [-0.08605176079990856, -0.7167847353205616, 95.08588320100709], Rotation: [-2.0854848166666704, -0.06908509999999943, 5.220735548989321], Velocity: [-0.2899817596121191, -2.40799143221129, -6.201118378790944]
Position: [-0.0908847901267772, -0.7569179258574165, 94.97980622802724], Rotation: [-2.113664583333337, -0.06119923333333276, 5.220735548989321], Velocity: [-0.2965644264264587, -2.4625881730183115, -6.257198756335438]
Position: [-0.09582753056721818, -0.7979610620743883, 94.87279458208832], Rotation: [-2.141844350000004, -0.0533133666666661, 5.220735548989321], Velocity: [-0.3031470932407983, -2.517184913825333, -6.313279133879932]
Position: [-0.10087998212123149, -0.8399141439714772, 94.76484826319032], Rotation: [-2.1700241166666707, -0.045427499999999434, 5.220735548989321], Velocity: [-0.3097297600551379, -2.5717816546323546, -6.369359511424426]
Position: [-0.10604214478881713, -0.8827771715486832, 94.65596727133324], Rotation: [-2.1982038833333375, -0.03754163333333277, 5.220735548989321], Velocity: [-0.3163124268694775, -2.6263783954393762, -6.42543988896892]
Position: [-0.11131401856997508, -0.9265501448060061, 94.54615160651709], Rotation: [-2.2263836500000043, -0.029655766666666104, 5.220735548989321], Velocity: [-0.32289509368381714, -2.680975136246398, -6.481520266513414]
Position: [-0.11669560346470537, -0.971233063743446, 94.43540126874186], Rotation: [-2.254563416666671, -0.02176989999999944, 5.220735548989321], Velocity: [-0.32947776049815675, -2.7355718770534194, -6.537600644057908]
Position: [-0.12218689947300798, -1.016825928361003, 94.32371625800755], Rotation: [-2.282743183333338, -0.013884033333332773, 5.220735548989321], Velocity: [-0.33606042731249636, -2.790168617860441, -6.593681021602402]
Position: [-0.12778790659488293, -1.0633287386586772, 94.21109657431418], Rotation: [-2.3109229500000046, -0.005998166666666107, 5.220735548989321], Velocity: [-0.34264309412683597, -2.8447653586674626, -6.649761399146896]
Position: [-0.1334986248303302, -1.1107414946364682, 94.09754221766174], Rotation: [-2.3391027166666714, 0.0018877000000005594, 5.220735548989321], Velocity: [-0.3492257609411756, -2.899362099474484, -6.70584177669139]
Position: [-0.1393190541793498, -1.1590641962943762, 93.98305318805022], Rotation: [-2.367282483333338, 0.009773566666667226, 5.220735548989321], Velocity: [-0.3558084277555152, -2.953958840281506, -6.761922154235884]
Position: [-0.14524919464194172, -1.2082968436324013, 93.86762948547963], Rotation: [-2.395462250000005, 0.01765943333333389, 5.220735548989321], Velocity: [-0.3623910945698548, -3.0085555810885274, -6.818002531780378]
Position: [-0.15128904621810596, -1.2584394366505434, 93.75127110994995], Rotation: [-2.4236420166666717, 0.025545300000000555, 5.220735548989321], Velocity: [-0.3689737613841944, -3.063152321895549, -6.874082909324872]
Position: [-0.15743860890784253, -1.3094919753488026, 93.6339780614612], Rotation: [-2.4518217833333384, 0.03343116666666722, 5.220735548989321], Velocity: [-0.375556428198534, -3.1177490627025706, -6.930163286869366]
Position: [-0.16369788271115143, -1.3614544597271787, 93.51575034001338], Rotation: [-2.480001550000005, 0.041317033333333884, 5.220735548989321], Velocity: [-0.38213909501287363, -3.172345803509592, -6.98624366441386]
Position: [-0.17006686762803266, -1.414326889785672, 93.39658794560648], Rotation: [-2.508181316666672, 0.04920290000000055, 5.220735548989321], Velocity: [-0.38872176182721324, -3.2269425443166138, -7.042324041958354]
Position: [-0.17654556365848623, -1.4681092655242822, 93.27649087824051], Rotation: [-2.5363610833333388, 0.057088766666667214, 5.220735548989321], Velocity: [-0.39530442864155285, -3.2815392851236354, -7.098404419502848]
Position: [-0.18313397080251212, -1.5228015869430094, 93.15545913791546], Rotation: [-2.5645408500000055, 0.06497463333333388, 5.220735548989321], Velocity: [-0.40188709545589246, -3.336136025930657, -7.154484797047342]
Position: [-0.18983208906011032, -1.5784038540418537, 93.03349272463133], Rotation: [-2.5927206166666723, 0.07286050000000055, 5.220735548989321], Velocity: [-0.4084697622702321, -3.3907327667376785, -7.210565174591836]
Position: [-0.19663991843128084, -1.634916066820815, 92.91059163838813], Rotation: [-2.620900383333339, 0.08074636666666722, 5.220735548989321], Velocity: [-0.4150524290845717, -3.4453295075447, -7.26664555213633]
Position: [-0.2035574589160237, -1.6923382252798933, 92.78675587918586], Rotation: [-2.649080150000006, 0.08863223333333389, 5.220735548989321], Velocity: [-0.4216350958989113, -3.4999262483517217, -7.322725929680824]
Position: [-0.21058471051433889, -1.7506703294190886, 92.66198544702452], Rotation: [-2.6772599166666726, 0.09651810000000056, 5.220735548989321], Velocity: [-0.4282177627132509, -3.5545229891587433, -7.378806307225318]
Position: [-0.2177216732262264, -1.809912379238401, 92.5362803419041], Rotation: [-2.7054396833333394, 0.10440396666666724, 5.220735548989321], Velocity: [-0.4348004295275905, -3.609119729965765, -7.434886684769812]
Position: [-0.22496834705168625, -1.8700643747378305, 92.40964056382461], Rotation: [-2.733619450000006, 0.11228983333333391, 5.220735548989321], Velocity: [-0.4413830963419301, -3.6637164707727865, -7.490967062314306]
Position: [-0.23232473199071843, -1.931126315917377, 92.28206611278604], Rotation: [-2.761799216666673, 0.12017570000000058, 5.220735548989321], Velocity: [-0.44796576315626974, -3.718313211579808, -7.5470474398588]
Position: [-0.2397908280433229, -1.9930982027770405, 92.1535569887884], Rotation: [-2.7899789833333397, 0.12806156666666724, 5.220735548989321], Velocity: [-0.45454842997060935, -3.7729099523868297, -7.603127817403294]
Position: [-0.24736663520949972, -2.055980035316821, 92.02411319183167], Rotation: [-2.8181587500000065, 0.1359474333333339, 5.220735548989321], Velocity: [-0.46113109678494896, -3.8275066931938513, -7.659208194947788]
Position: [-0.25505215348924887, -2.1197718135367185, 91.89373472191588], Rotation: [-2.8463385166666733, 0.14383330000000055, 5.220735548989321], Velocity: [-0.46771376359928857, -3.882103434000873, -7.715288572492282]
Position: [-0.26284738288257037, -2.184473537436733, 91.762421579041], Rotation: [-2.87451828333334, 0.1517191666666672, 5.220735548989321], Velocity: [-0.4742964304136282, -3.9367001748078945, -7.771368950036776]
Position: [-0.27075232338946414, -2.2500852070168644, 91.63017376320705], Rotation: [-2.902698050000007, 0.15960503333333387, 5.220735548989321], Velocity: [-0.4808790972279678, -3.991296915614916, -7.82744932758127]
Position: [-0.27876697500993025, -2.3166068222771132, 91.49699127441403], Rotation: [-2.9308778166666736, 0.16749090000000053, 5.220735548989321], Velocity: [-0.4874617640423074, -4.045893656421938, -7.883529705125764]
Position: [-0.2868913377439687, -2.384038383217479, 91.36287411266193], Rotation: [-2.9590575833333403, 0.17537676666666718, 5.220735548989321], Velocity: [-0.494044430856647, -4.100490397228959, -7.939610082670258]
Position: [-0.29512541159157946, -2.4523798898379616, 91.22782227795075], Rotation: [-2.987237350000007, 0.18326263333333384, 5.220735548989321], Velocity: [-0.5006270976709866, -4.15508713803598, -7.995690460214752]
Position: [-0.30346919655276255, -2.521631342138561, 91.09183577028051], Rotation: [-3.015417116666674, 0.1911485000000005, 5.220735548989321], Velocity: [-0.5072097644853262, -4.209683878843001, -8.051770837759246]
Position: [-0.311922692627518, -2.5917927401192777, 90.9549145896512], Rotation: [-3.043587300000007, 0.2333838000000005, 5.220735548989321], Velocity: [-0.5103588262067268, -4.235929221987446, -8.253295667529406]
Position: [-0.3204286730642968, -2.662391560485735, 90.81463466185905], Rotation: [-3.0717574833333403, 0.2756191000000005, 5.220735548989321], Velocity: [-0.5135078879281274, -4.2621745651318905, -8.454820497299565]
Position: [-0.3289871378630989, -2.7334278032379333, 90.67099598690405], Rotation: [-3.0999276666666735, 0.3178544000000005, 5.220735548989321], Velocity: [-0.516656949649528, -4.288419908276335, -8.656345327069724]
Position: [-0.33759808702392435, -2.8049014683758724, 90.52399856478621], Rotation: [-3.1280978500000067, 0.36008970000000046, 5.220735548989321], Velocity: [-0.5198060113709286, -4.31466525142078, -8.857870156839883]
Position: [-0.34626152054677317, -2.876812555899552, 90.37364239550554], Rotation: [-3.15626803333334, 0.40232500000000043, 5.220735548989321], Velocity: [-0.5229550730923292, -4.340910594565225, -9.059394986610043]
Position: [-0.3549774384316453, -2.949161065808972, 90.21992747906204], Rotation: [-3.184438216666673, 0.4445603000000004, 5.220735548989321], Velocity: [-0.5261041348137299, -4.367155937709669, -9.260919816380202]
Position: [-0.3637458406785408, -3.0219469981041334, 90.0628538154557], Rotation: [-3.2126084000000064, 0.4867956000000004, 5.220735548989321], Velocity: [-0.5292531965351305, -4.393401280854114, -9.462444646150361]
Position: [-0.37256672728745965, -3.0951703527850354, 89.90242140468652], Rotation: [-3.2407785833333396, 0.5290309000000004, 5.220735548989321], Velocity: [-0.5324022582565311, -4.419646623998559, -9.66396947592052]
Position: [-0.38144009825840186, -3.168831129851678, 89.73863024675451], Rotation: [-3.268948766666673, 0.5712662000000004, 5.220735548989321], Velocity: [-0.5355513199779317, -4.4458919671430035, -9.86549430569068]
Position: [-0.3903659535913674, -3.242929329304061, 89.57148034165967], Rotation: [-3.297118950000006, 0.6135015000000004, 5.220735548989321], Velocity: [-0.5387003816993323, -4.472137310287448, -10.06701913546084]
Position: [-0.39934429328635623, -3.317464951142185, 89.40097168940198], Rotation: [-3.325289133333339, 0.6557368000000003, 5.220735548989321], Velocity: [-0.5418494434207329, -4.498382653431893, -10.268543965230998]
Position: [-0.40837511734336845, -3.39243799536605, 89.22710428998147], Rotation: [-3.3534593166666724, 0.6979721000000003, 5.220735548989321], Velocity: [-0.5449985051421335, -4.524627996576338, -10.470068795001158]
Position: [-0.417458425762404, -3.467848461975656, 89.04987814339812], Rotation: [-3.3816295000000056, 0.7402074000000003, 5.220735548989321], Velocity: [-0.5481475668635342, -4.550873339720782, -10.671593624771317]
Position: [-0.4265942185434629, -3.543696350971002, 88.86929324965193], Rotation: [-3.409799683333339, 0.7824427000000003, 5.220735548989321], Velocity: [-0.5512966285849348, -4.577118682865227, -10.873118454541476]
Position: [-0.43578249568654515, -3.6199816623520893, 88.68534960874291], Rotation: [-3.437969866666672, 0.8246780000000002, 5.220735548989321], Velocity: [-0.5544456903063354, -4.603364026009672, -11.074643284311636]
Position: [-0.44502325719165076, -3.696704396118917, 88.49804722067105], Rotation: [-3.4661400500000052, 0.8669133000000002, 5.220735548989321], Velocity: [-0.557594752027736, -4.6296093691541165, -11.276168114081795]
Position: [-0.4543165030587797, -3.773864552271486, 88.30738608543636], Rotation: [-3.4943102333333385, 0.9091486000000002, 5.220735548989321], Velocity: [-0.5607438137491366, -4.655854712298561, -11.477692943851954]
Position: [-0.463662233287932, -3.851462130809795, 88.11336620303884], Rotation: [-3.5224804166666717, 0.9513839000000002, 5.220735548989321], Velocity: [-0.5638928754705372, -4.682100055443006, -11.679217773622113]
Position: [-0.4730604478791076, -3.929497131733845, 87.91598757347847], Rotation: [-3.550650600000005, 0.9936192000000001, 5.220735548989321], Velocity: [-0.5670419371919379, -4.708345398587451, -11.880742603392273]
Position: [-0.48251114683230656, -4.007969555043636, 87.71525019675526], Rotation: [-3.578820783333338, 1.0358545000000001, 5.220735548989321], Velocity: [-0.5701909989133385, -4.734590741731895, -12.082267433162432]
Position: [-0.4920143301475289, -4.086879400739168, 87.51115407286922], Rotation: [-3.6069909666666713, 1.0780898, 5.220735548989321], Velocity: [-0.5733400606347391, -4.76083608487634, -12.283792262932591]
Position: [-0.5015699978247745, -4.16622666882044, 87.30369920182034], Rotation: [-3.6351611500000045, 1.1203251, 5.220735548989321], Velocity: [-0.5764891223561397, -4.787081428020785, -12.48531709270275]
Position: [-0.5111781498640435, -4.246011359287453, 87.09288558360862], Rotation: [-3.6633313333333377, 1.1625604, 5.220735548989321], Velocity: [-0.5796381840775403, -4.8133267711652294, -12.68684192247291]
Position: [-0.5208387862653359, -4.326233472140207, 86.87871321823407], Rotation: [-3.691501516666671, 1.2047957, 5.220735548989321], Velocity: [-0.5827872457989409, -4.839572114309674, -12.88836675224307]
Position: [-0.5305519070286515, -4.406893007378701, 86.66118210569668], Rotation: [-3.719671700000004, 1.247031, 5.220735548989321], Velocity: [-0.5859363075203415, -4.865817457454119, -13.089891582013228]
Position: [-0.5403175121539905, -4.487989965002937, 86.44029224599646], Rotation: [-3.7478418833333373, 1.2892663, 5.220735548989321], Velocity: [-0.5890853692417422, -4.892062800598564, -13.291416411783388]
Position: [-0.5501356016413529, -4.569524345012913, 86.2160436391334], Rotation: [-3.7760120666666706, 1.3315016, 5.220735548989321], Velocity: [-0.5922344309631428, -4.918308143743008, -13.492941241553547]
Position: [-0.5600061754907386, -4.65149614740863, 85.98843628510751], Rotation: [-3.8041822500000038, 1.3737369, 5.220735548989321], Velocity: [-0.5953834926845434, -4.944553486887453, -13.694466071323706]
Position: [-0.5699292337021477, -4.733905372190088, 85.75747018391878], Rotation: [-3.832352433333337, 1.4159722, 5.220735548989321], Velocity: [-0.598532554405944, -4.970798830031898, -13.895990901093866]
Position: [-0.57990477627558, -4.816752019357286, 85.52314533556722], Rotation: [-3.86052261666667, 1.4582074999999999, 5.220735548989321], Velocity: [-0.6016816161273446, -4.997044173176342, -14.097515730864025]
Position: [-0.5899328032110358, -4.900036088910225, 85.28546174005282], Rotation: [-3.8886928000000034, 1.5004427999999999, 5.220735548989321], Velocity: [-0.6048306778487452, -5.023289516320787, -14.299040560634184]
Position: [-0.6000133145085149, -4.983757580848905, 85.04441939737559], Rotation: [-3.9168629833333366, 1.5426780999999998, 5.220735548989321], Velocity: [-0.6079797395701458, -5.049534859465232, -14.500565390404343]
Position: [-0.6101463101680173, -5.067916495173325, 84.80001830753552], Rotation: [-3.94503316666667, 1.5849133999999998, 5.220735548989321], Velocity: [-0.6111288012915465, -5.0757802026096766, -14.702090220174503]
Position: [-0.6203317901895431, -5.152512831883486, 84.55225847053262], Rotation: [-3.973203350000003, 1.6271486999999998, 5.220735548989321], Velocity: [-0.6142778630129471, -5.102025545754121, -14.903615049944662]
Position: [-0.6305697545730922, -5.237546590979388, 84.30113988636688], Rotation: [-4.001373533333337, 1.6693839999999998, 5.220735548989321], Velocity: [-0.6174269247343477, -5.128270888898566, -15.105139879714821]
Position: [-0.6408602033186647, -5.323017772461031, 84.0466625550383], Rotation: [-4.02954371666667, 1.7116192999999997, 5.220735548989321], Velocity: [-0.6205759864557483, -5.154516232043011, -15.30666470948498]
Position: [-0.6512031364262605, -5.408926376328415, 83.78882647654687], Rotation: [-4.057713900000004, 1.7538545999999997, 5.220735548989321], Velocity: [-0.6237250481771489, -5.180761575187455, -15.50818953925514]
Position: [-0.6615985538958796, -5.495272402581539, 83.52763165089262], Rotation: [-4.085884083333338, 1.7960898999999997, 5.220735548989321], Velocity: [-0.6268741098985495, -5.2070069183319, -15.7097143690253]
Position: [-0.6720464557275221, -5.582055851220404, 83.26307807807552], Rotation: [-4.114054266666671, 1.8383251999999997, 5.220735548989321], Velocity: [-0.6300231716199501, -5.233252261476345, -15.911239198795458]
Position: [-0.682546841921188, -5.66927672224501, 82.9951657580956], Rotation: [-4.142224450000005, 1.8805604999999996, 5.220735548989321], Velocity: [-0.6331722333413508, -5.2594976046207895, -16.112764028565618]
Position: [-0.6930997124768772, -5.7569350156553565, 82.72389469095283], Rotation: [-4.170394633333339, 1.9227957999999996, 5.220735548989321], Velocity: [-0.6363212950627514, -5.285742947765234, -16.31428885833578]
Position: [-0.7037050673945897, -5.845030731451444, 82.44926487664723], Rotation: [-4.198564816666672, 1.9650310999999996, 5.220735548989321], Velocity: [-0.639470356784152, -5.311988290909679, -16.51581368810594]
Position: [-0.7143629066743256, -5.9335638696332715, 82.1712763151788], Rotation: [-4.226735000000006, 2.0072664, 5.220735548989321], Velocity: [-0.6426194185055526, -5.338233634054124, -16.7173385178761]
Position: [-0.7250732303160847, -6.022534430200841, 81.88992900654753], Rotation: [-4.25490518333334, 2.0495017, 5.220735548989321], Velocity: [-0.6457684802269532, -5.364478977198568, -16.918863347646262]
Position: [-0.7358360383198673, -6.11194241315415, 81.60522295075343], Rotation: [-4.283075366666673, 2.091737, 5.220735548989321], Velocity: [-0.6489175419483538, -5.390724320343013, -17.120388177416423]
Position: [-0.7466513306856732, -6.2017878184932, 81.31715814779649], Rotation: [-4.311245550000007, 2.1339723000000004, 5.220735548989321], Velocity: [-0.6520666036697544, -5.416969663487458, -17.321913007186584]
Position: [-0.7575191074135025, -6.292070646217991, 81.02573459767672], Rotation: [-4.3394157333333405, 2.1762076000000006, 5.220735548989321], Velocity: [-0.655215665391155, -5.4432150066319025, -17.523437836956745]
Position: [-0.768439368503355, -6.3827908963285225, 80.73095230039411], Rotation: [-4.367585916666674, 2.2184429000000008, 5.220735548989321], Velocity: [-0.6583647271125557, -5.469460349776347, -17.724962666726906]
Position: [-0.7794121139552309, -6.473948568824795, 80.43281125594866], Rotation: [-4.395756100000008, 2.260678200000001, 5.220735548989321], Velocity: [-0.6615137888339563, -5.495705692920792, -17.926487496497067]
Position: [-0.7904373437691302, -6.5655436637068085, 80.13131146434038], Rotation: [-4.4239262833333415, 2.302913500000001, 5.220735548989321], Velocity: [-0.6646628505553569, -5.521951036065237, -18.12801232626723]
Position: [-0.8015150579450528, -6.657576180974562, 79.82645292556927], Rotation: [-4.452096466666675, 2.3451488000000014, 5.220735548989321], Velocity: [-0.6678119122767575, -5.548196379209681, -18.32953715603739]
Position: [-0.8126452564829988, -6.750046120628057, 79.51823563963532], Rotation: [-4.480266650000009, 2.3873841000000016, 5.220735548989321], Velocity: [-0.6709609739981581, -5.574441722354126, -18.53106198580755]
Position: [-0.823827939382968, -6.842953482667292, 79.20665960653852], Rotation: [-4.508436833333342, 2.4296194000000018, 5.220735548989321], Velocity: [-0.6741100357195587, -5.600687065498571, -18.73258681557771]
Position: [-0.8350631066449608, -6.936298267092269, 78.89172482627889], Rotation: [-4.536607016666676, 2.471854700000002, 5.220735548989321], Velocity: [-0.6772590974409594, -5.6269324086430155, -18.934111645347873]
Position: [-0.8463507582689768, -7.030080473902986, 78.57343129885642], Rotation: [-4.56477720000001, 2.514090000000002, 5.220735548989321], Velocity: [-0.68040815916236, -5.65317775178746, -19.135636475118034]
Position: [-0.8576908942550161, -7.1243001030994435, 78.25177902427112], Rotation: [-4.592947383333343, 2.5563253000000024, 5.220735548989321], Velocity: [-0.6835572208837606, -5.679423094931905, -19.337161304888195]
Position: [-0.8690835146030788, -7.218957154681642, 77.92676800252298], Rotation: [-4.621117566666677, 2.5985606000000026, 5.220735548989321], Velocity: [-0.6867062826051612, -5.70566843807635, -19.538686134658356]
Position: [-0.8805286193131647, -7.314051628649581, 77.598398233612], Rotation: [-4.649287750000011, 2.6407959000000027, 5.220735548989321], Velocity: [-0.6898553443265618, -5.731913781220794, -19.740210964428517]
Position: [-0.8920262083852741, -7.409583525003261, 77.26666971753819], Rotation: [-4.677457933333344, 2.683031200000003, 5.220735548989321], Velocity: [-0.6930044060479624, -5.758159124365239, -19.941735794198678]
Position: [-0.9035762818194069, -7.505552843742682, 76.93158245430155], Rotation: [-4.705628116666678, 2.725266500000003, 5.220735548989321], Velocity: [-0.696153467769363, -5.784404467509684, -20.14326062396884]
Position: [-0.9151788396155629, -7.601959584867843, 76.59313644390207], Rotation: [-4.733798300000012, 2.7675018000000033, 5.220735548989321], Velocity: [-0.6993025294907637, -5.8106498106541284, -20.344785453739]
Position: [-0.9268338817737423, -7.6988037483787455, 76.25133168633975], Rotation: [-4.761968483333345, 2.8097371000000035, 5.220735548989321], Velocity: [-0.7024515912121643, -5.836895153798573, -20.54631028350916]
Position: [-0.938541408293945, -7.796085334275388, 75.9061681816146], Rotation: [-4.790138666666679, 2.8519724000000037, 5.220735548989321], Velocity: [-0.7056006529335649, -5.863140496943018, -20.747835113279322]
Position: [-0.9503014191761711, -7.893804342557772, 75.55764592972662], Rotation: [-4.818308850000013, 2.894207700000004, 5.220735548989321], Velocity: [-0.7087497146549655, -5.889385840087463, -20.949359943049483]
Position: [-0.9621139144204205, -7.991960773225896, 75.2057649306758], Rotation: [-4.846479033333346, 2.936443000000004, 5.220735548989321], Velocity: [-0.7118987763763661, -5.915631183231907, -21.150884772819644]
Position: [-0.9739788940266932, -8.090554626279761, 74.85052518446214], Rotation: [-4.87464921666668, 2.9786783000000043, 5.220735548989321], Velocity: [-0.7150478380977667, -5.941876526376352, -21.352409602589805]
Position: [-0.9858963579949893, -8.189585901719367, 74.49192669108565], Rotation: [-4.902819400000014, 3.0209136000000045, 5.220735548989321], Velocity: [-0.7181968998191673, -5.968121869520797, -21.553934432359966]
Position: [-0.9978663063253088, -8.289054599544713, 74.12996945054633], Rotation: [-4.930989583333347, 3.0631489000000047, 5.220735548989321], Velocity: [-0.721345961540568, -5.994367212665241, -21.755459262130127]
Position: [-1.0098887390176516, -8.3889607197558, 73.76465346284415], Rotation: [-4.959159766666681, 3.105384200000005, 5.220735548989321], Velocity: [-0.7244950232619686, -6.020612555809686, -21.95698409190029]
Position: [-1.0219636560720178, -8.48930426235263, 73.39597872797914], Rotation: [-4.9873299500000146, 3.147619500000005, 5.220735548989321], Velocity: [-0.7276440849833692, -6.046857898954131, -22.15850892167045]
Position: [-1.0340910574884072, -8.590085227335198, 73.0239452459513], Rotation: [-5.015500133333348, 3.1898548000000053, 5.220735548989321], Velocity: [-0.7307931467047698, -6.0731032420985755, -22.36003375144061]
Position: [-1.04627094326682, -8.691303614703507, 72.64855301676062], Rotation: [-5.043670316666682, 3.2320901000000055, 5.220735548989321], Velocity: [-0.7339422084261704, -6.09934858524302, -22.56155858121077]
Position: [-1.0585033134072561, -8.792959424457557, 72.2698020404071], Rotation: [-5.0718405000000155, 3.2743254000000057, 5.220735548989321], Velocity: [-0.737091270147571, -6.125593928387465, -22.763083410980933]
Position: [-1.0707881679097155, -8.895052656597349, 71.88769231689075], Rotation: [-5.100010683333349, 3.316560700000006, 5.220735548989321], Velocity: [-0.7402403318689716, -6.15183927153191, -22.964608240751094]
Position: [-1.0831255067741985, -8.997583311122881, 71.50222384621156], Rotation: [-5.128180866666683, 3.358796000000006, 5.220735548989321], Velocity: [-0.7433893935903723, -6.178084614676354, -23.166133070521255]
Position: [-1.0955153300007048, -9.100551388034154, 71.11339662836954], Rotation: [-5.1563510500000165, 3.4010313000000063, 5.220735548989321], Velocity: [-0.7465384553117729, -6.204329957820799, -23.367657900291416]
Position: [-1.1079576375892344, -9.203956887331167, 70.72121066336469], Rotation: [-5.18452123333335, 3.4432666000000065, 5.220735548989321], Velocity: [-0.7496875170331735, -6.230575300965244, -23.569182730061577]
Position: [-1.1204524295397873, -9.30779980901392, 70.325665951197], Rotation: [-5.212691416666684, 3.4855019000000067, 5.220735548989321], Velocity: [-0.7528365787545741, -6.2568206441096885, -23.770707559831738]
Position: [-1.1329997058523635, -9.412080153082416, 69.92676249186647], Rotation: [-5.240861600000017, 3.527737200000007, 5.220735548989321], Velocity: [-0.7559856404759747, -6.283065987254133, -23.9722323896019]
Position: [-1.145599466526963, -9.516797919536652, 69.52450028537311], Rotation: [-5.269031783333351, 3.569972500000007, 5.220735548989321], Velocity: [-0.7591347021973753, -6.309311330398578, -24.17375721937206]
Position: [-1.158251711563586, -9.621953108376628, 69.11887933171691], Rotation: [-5.297201966666685, 3.6122078000000073, 5.220735548989321], Velocity: [-0.762283763918776, -6.335556673543023, -24.37528204914222]
Position: [-1.1709564409622322, -9.727545719602345, 68.70989963089788], Rotation: [-5.325372150000018, 3.6544431000000075, 5.220735548989321], Velocity: [-0.7654328256401766, -6.361802016687467, -24.576806878912382]
Position: [-1.1837136547229017, -9.833575753213802, 68.29756118291601], Rotation: [-5.353542333333352, 3.6966784000000077, 5.220735548989321], Velocity: [-0.7685818873615772, -6.388047359831912, -24.778331708682543]
Position: [-1.1965233528455947, -9.940043209211002, 67.88186398777131], Rotation: [-5.381712516666686, 3.738913700000008, 5.220735548989321], Velocity: [-0.7717309490829778, -6.414292702976357, -24.979856538452704]
Position: [-1.2093855353303111, -10.046948087593941, 67.46280804546376], Rotation: [-5.409882700000019, 3.781149000000008, 5.220735548989321], Velocity: [-0.7748800108043784, -6.4405380461208015, -25.181381368222866]
Position: [-1.2223002021770508, -10.154290388362622, 67.04039335599337], Rotation: [-5.438052883333353, 3.8233843000000083, 5.220735548989321], Velocity: [-0.778029072525779, -6.466783389265246, -25.382906197993027]
Position: [-1.2352673533858138, -10.262070111517042, 66.61461991936015], Rotation: [-5.466223066666687, 3.8656196000000085, 5.220735548989321], Velocity: [-0.7811781342471796, -6.493028732409691, -25.584431027763188]
Position: [-1.2482869889566002, -10.370287257057203, 66.1854877355641], Rotation: [-5.49439325000002, 3.9078549000000087, 5.220735548989321], Velocity: [-0.7843271959685802, -6.519274075554136, -25.78595585753335]
Position: [-1.2613591088894098, -10.478941824983105, 65.7529968046052], Rotation: [-5.522563433333354, 3.950090200000009, 5.220735548989321], Velocity: [-0.7874762576899809, -6.54551941869858, -25.98748068730351]
Position: [-1.2744837131842428, -10.588033815294748, 65.31714712648348], Rotation: [-5.550733616666688, 3.992325500000009, 5.220735548989321], Velocity: [-0.7906253194113815, -6.571764761843025, -26.18900551707367]
Position: [-1.287660801841099, -10.697563227992132, 64.87793870119891], Rotation: [-5.578894216666687, 3.964190466666676, 5.220735548989321], Velocity: [-0.774677007741239, -6.438196889891444, -26.368357860977984]
Position: [-1.300572085303453, -10.804866509490322, 64.43574107018262], Rotation: [-5.607054816666687, 3.9360554333333426, 5.220735548989321], Velocity: [-0.7587286960710966, -6.304629017939862, -26.547710204882296]
Position: [-1.3132175635713046, -10.90994365978932, 63.99055423343458], Rotation: [-5.635215416666687, 3.9079204000000094, 5.220735548989321], Velocity: [-0.7427803844009542, -6.171061145988281, -26.72706254878661]
Position: [-1.3255972366446538, -11.012794678889126, 63.5423781909548], Rotation: [-5.663376016666686, 3.879785366666676, 5.220735548989321], Velocity: [-0.7268320727308117, -6.0374932740366996, -26.906414892690922]
Position: [-1.3377111045235006, -11.113419566789737, 63.09121294274328], Rotation: [-5.691536616666686, 3.851650333333343, 5.220735548989321], Velocity: [-0.7108837610606693, -5.903925402085118, -27.085767236595235]
Position: [-1.349559167207845, -11.211818323491157, 62.63705848880003], Rotation: [-5.7196972166666855, 3.8235153000000097, 5.220735548989321], Velocity: [-0.6949354493905269, -5.770357530133537, -27.265119580499547]
Position: [-1.3611414246976872, -11.307990948993382, 62.17991482912504], Rotation: [-5.747857816666685, 3.7953802666666765, 5.220735548989321], Velocity: [-0.6789871377203844, -5.636789658181955, -27.44447192440386]
Position: [-1.372457876993027, -11.401937443296415, 61.719781963718304], Rotation: [-5.776018416666685, 3.7672452333333433, 5.220735548989321], Velocity: [-0.663038826050242, -5.503221786230374, -27.623824268308173]
Position: [-1.3835085240938643, -11.493657806400254, 61.25665989257983], Rotation: [-5.8041790166666845, 3.73911020000001, 5.220735548989321], Velocity: [-0.6470905143800996, -5.369653914278793, -27.803176612212486]
Position: [-1.3942933660001993, -11.5831520383049, 60.790548615709625], Rotation: [-5.832339616666684, 3.710975166666677, 5.220735548989321], Velocity: [-0.6311422027099571, -5.236086042327211, -27.9825289561168]
Position: [-1.404812402712032, -11.670420139010353, 60.32144813310768], Rotation: [-5.860500216666684, 3.6828401333333436, 5.220735548989321], Velocity: [-0.6151938910398147, -5.10251817037563, -28.16188130002111]
Position: [-1.4150656342293622, -11.755462108516614, 59.849358444774], Rotation: [-5.888660816666683, 3.6547051000000104, 5.220735548989321], Velocity: [-0.5992455793696723, -4.968950298424049, -28.341233643925424]
Position: [-1.42505306055219, -11.838277946823682, 59.37427955070857], Rotation: [-5.916821416666683, 3.626570066666677, 5.220735548989321], Velocity: [-0.5832972676995298, -4.835382426472467, -28.520585987829737]
Position: [-1.4347746816805156, -11.918867653931557, 58.89621145091141], Rotation: [-5.944982016666683, 3.598435033333344, 5.220735548989321], Velocity: [-0.5673489560293874, -4.701814554520886, -28.69993833173405]
Position: [-1.4442304976143387, -11.997231229840239, 58.41515414538251], Rotation: [-5.973142616666682, 3.5703000000000107, 5.220735548989321], Velocity: [-0.551400644359245, -4.568246682569304, -28.879290675638362]
Position: [-1.4534205083536595, -12.073368674549727, 57.93110763412187], Rotation: [-6.001303216666682, 3.5421649666666775, 5.220735548989321], Velocity: [-0.5354523326891025, -4.434678810617723, -29.058643019542675]
Position: [-1.462344713898478, -12.147279988060022, 57.44407191712949], Rotation: [-6.029463816666682, 3.5140299333333442, 5.220735548989321], Velocity: [-0.5195040210189601, -4.301110938666142, -29.237995363446988]
Position: [-1.471003114248794, -12.218965170371124, 56.954046994405374], Rotation: [-6.057624416666681, 3.485894900000011, 5.220735548989321], Velocity: [-0.5035557093488177, -4.16754306671456, -29.4173477073513]
Position: [-1.4793957094046077, -12.288424221483034, 56.46103286594952], Rotation: [-6.085785016666681, 3.457759866666678, 5.220735548989321], Velocity: [-0.48760739767867517, -4.033975194762979, -29.596700051255613]
Position: [-1.487522499365919, -12.35565714139575, 55.96502953176193], Rotation: [-6.113945616666681, 3.4296248333333446, 5.220735548989321], Velocity: [-0.4716590860085327, -3.9004073228113976, -29.776052395159926]
Position: [-1.495383484132728, -12.420663930109272, 55.46603699184259], Rotation: [-6.14210621666668, 3.4014898000000113, 5.220735548989321], Velocity: [-0.4557107743383902, -3.766839450859816, -29.95540473906424]
Position: [-1.5029786637050346, -12.483444587623604, 54.96405524619152], Rotation: [-6.17026681666668, 3.373354766666678, 5.220735548989321], Velocity: [-0.4397624626682477, -3.633271578908235, -30.13475708296855]
Position: [-1.5103080380828389, -12.54399911393874, 54.45908429480871], Rotation: [-6.1984274166666795, 3.345219733333345, 5.220735548989321], Velocity: [-0.4238141509981052, -3.4997037069566534, -30.314109426872864]
Position: [-1.5173716072661405, -12.602327509054685, 53.951124137694165], Rotation: [-6.226588016666679, 3.3170847000000117, 5.220735548989321], Velocity: [-0.4078658393279627, -3.366135835005072, -30.493461770777177]
Position: [-1.5241693712549398, -12.658429772971436, 53.44017477484788], Rotation: [-6.254748616666679, 3.2889496666666784, 5.220735548989321], Velocity: [-0.39191752765782023, -3.2325679630534907, -30.67281411468149]
Position: [-1.5307013300492367, -12.712305905688995, 52.926236206269856], Rotation: [-6.2829092166666785, 3.260814633333345, 5.220735548989321], Velocity: [-0.37596921598767774, -3.0990000911019093, -30.852166458585803]
Position: [-1.5369674836490312, -12.76395590720736, 52.40930843196009], Rotation: [-6.311069816666678, 3.232679600000012, 5.220735548989321], Velocity: [-0.36002090431753525, -2.965432219150328, -31.031518802490115]
Position: [-1.5429678320543234, -12.813379777526531, 51.88939145191859], Rotation: [-6.339230416666678, 3.2045445666666788, 5.220735548989321], Velocity: [-0.34407259264739276, -2.8318643471987466, -31.210871146394428]
Position: [-1.5487023752651132, -12.86057751664651, 51.366485266145354], Rotation: [-6.367391016666677, 3.1764095333333455, 5.220735548989321], Velocity: [-0.32812428097725027, -2.698296475247165, -31.39022349029874]
Position: [-1.5541711132814007, -12.905549124567296, 50.84058987464037], Rotation: [-6.395551616666677, 3.1482745000000123, 5.220735548989321], Velocity: [-0.3121759693071078, -2.564728603295584, -31.569575834203054]
Position: [-1.5593740461031858, -12.94829460128889, 50.311705277403654], Rotation: [-6.423712216666677, 3.120139466666679, 5.220735548989321], Velocity: [-0.2962276576369653, -2.4311607313440025, -31.748928178107366]
Position: [-1.5643111737304685, -12.98881394681129, 49.7798314744352], Rotation: [-6.451872816666676, 3.092004433333346, 5.220735548989321], Velocity: [-0.2802793459668228, -2.297592859392421, -31.92828052201168]
Position: [-1.5689824961632488, -13.027107161134497, 49.244968465735006], Rotation: [-6.480033416666676, 3.0638694000000126, 5.220735548989321], Velocity: [-0.2643310342966803, -2.1640249874408397, -32.10763286591599]
Position: [-1.5733880134015268, -13.06317424425851, 48.70711625130307], Rotation: [-6.508194016666676, 3.0357343666666794, 5.220735548989321], Velocity: [-0.24838272262653782, -2.0304571154892583, -32.2869852098203]
Position: [-1.5775277254453024, -13.097015196183332, 48.1662748311394], Rotation: [-6.536354616666675, 3.007599333333346, 5.220735548989321], Velocity: [-0.23243441095639533, -1.896889243537677, -32.466337553724614]
Position: [-1.5814016322945756, -13.128630016908959, 47.62244420524399], Rotation: [-6.564515216666675, 2.979464300000013, 5.220735548989321], Velocity: [-0.21648609928625284, -1.7633213715860956, -32.64568989762893]
Position: [-1.5850097339493465, -13.158018706435394, 47.07562437361684], Rotation: [-6.592675816666675, 2.9513292666666797, 5.220735548989321], Velocity: [-0.20053778761611035, -1.6297534996345142, -32.82504224153324]
Position: [-1.588352030409615, -13.185181264762637, 46.52581533625795], Rotation: [-6.620836416666674, 2.9231942333333465, 5.220735548989321], Velocity: [-0.18458947594596786, -1.4961856276829328, -33.00439458543755]
Position: [-1.5914285216753812, -13.210117691890686, 45.97301709316732], Rotation: [-6.648997016666674, 2.8950592000000133, 5.220735548989321], Velocity: [-0.16864116427582537, -1.3626177557313515, -33.183746929341865]
Position: [-1.594239207746645, -13.232827987819542, 45.41722964434496], Rotation: [-6.6771576166666735, 2.86692416666668, 5.220735548989321], Velocity: [-0.15269285260568288, -1.22904988377977, -33.36309927324618]
Position: [-1.5967840886234064, -13.253312152549205, 44.858452989790855], Rotation: [-6.705318216666673, 2.838789133333347, 5.220735548989321], Velocity: [-0.1367445409355404, -1.0954820118281887, -33.54245161715049]
Position: [-1.5990631643056654, -13.271570186079675, 44.29668712950502], Rotation: [-6.733478816666673, 2.8106541000000136, 5.220735548989321], Velocity: [-0.1207962292653979, -0.9619141398766072, -33.7218039610548]
Position: [-1.601076434793422, -13.287602088410951, 43.731932063487434], Rotation: [-6.7616394166666725, 2.7825190666666804, 5.220735548989321], Velocity: [-0.10484791759525541, -0.8283462679250257, -33.901156304959116]
Position: [-1.6028239000866764, -13.301407859543035, 43.164187791738115], Rotation: [-6.789800016666672, 2.754384033333347, 5.220735548989321], Velocity: [-0.08889960592511292, -0.6947783959734443, -34.08050864886343]
Position: [-1.6043055601854284, -13.312987499475925, 42.59345431425706], Rotation: [-6.817960616666672, 2.726249000000014, 5.220735548989321], Velocity: [-0.07295129425497043, -0.5612105240218628, -34.25986099276774]
Position: [-1.605521415089678, -13.322341008209623, 42.019731631044266], Rotation: [-6.846121216666671, 2.6981139666666807, 5.220735548989321], Velocity: [-0.05700298258482795, -0.4276426520702813, -34.439213336672054]
Position: [-1.6064714647994252, -13.329468385744129, 41.44301974209973], Rotation: [-6.874281816666671, 2.6699789333333475, 5.220735548989321], Velocity: [-0.04105467091468547, -0.2940747801186998, -34.61856568057637]
Position: [-1.60715570931467, -13.33436963207944, 40.863318647423455], Rotation: [-6.902442416666671, 2.6418439000000142, 5.220735548989321], Velocity: [-0.025106359244542985, -0.16050690816711832, -34.79791802448068]
Position: [-1.6075741486354125, -13.33704474721556, 40.280628347015444], Rotation: [-6.93060301666667, 2.613708866666681, 5.220735548989321], Velocity: [-0.009158047574400502, -0.026939036215536838, -34.97727036838499]
Position: [-1.6077267827616526, -13.337493731152485, 39.694948840875696], Rotation: [-6.95876361666667, 2.585573833333348, 5.220735548989321], Velocity: [0.006790264095741981, 0.10662883573604465, -35.156622712289305]
Position: [-1.6076136116933901, -13.335716583890218, 39.106280129004205], Rotation: [-6.98692421666667, 2.5574388000000146, 5.220735548989321], Velocity: [0.022738575765884464, 0.24019670768762613, -35.33597505619362]
Position: [-1.6072346354306253, -13.331713305428757, 38.514622211400976], Rotation: [-7.015084816666669, 2.5293037666666813, 5.220735548989321], Velocity: [0.03868688743602695, 0.3737645796392076, -35.51532740009793]
Position: [-1.606589853973358, -13.325483895768103, 37.91997508806601], Rotation: [-7.043245416666669, 2.501168733333348, 5.220735548989321], Velocity: [0.05463519910616943, 0.5073324515907891, -35.694679744002244]
Position: [-1.6056792673215885, -13.317028354908256, 37.32233875899931], Rotation: [-7.071406016666669, 2.473033700000015, 5.220735548989321], Velocity: [0.07058351077631192, 0.6409003235423706, -35.874032087906556]
Position: [-1.6045028754753166, -13.306346682849217, 36.72171322420087], Rotation: [-7.099566616666668, 2.4448986666666817, 5.220735548989321], Velocity: [0.08653182244645441, 0.7744681954939521, -36.05338443181087]
Position: [-1.6030606784345423, -13.293438879590985, 36.118098483670686], Rotation: [-7.127727216666668, 2.4167636333333484, 5.220735548989321], Velocity: [0.1024801341165969, 0.9080360674455336, -36.23273677571518]
Position: [-1.6013526761992656, -13.27830494513356, 35.511494537408765], Rotation: [-7.1558878166666675, 2.388628600000015, 5.220735548989321], Velocity: [0.11842844578673939, 1.041603939397115, -36.412089119619495]
Position: [-1.5993788687694865, -13.260944879476941, 34.90190138541511], Rotation: [-7.184048416666667, 2.360493566666682, 5.220735548989321], Velocity: [0.13437675745688188, 1.1751718113486964, -36.59144146352381]
Position: [-1.5971392561452051, -13.24135868262113, 34.289319027689714], Rotation: [-7.212209016666667, 2.3323585333333487, 5.220735548989321], Velocity: [0.15032506912702437, 1.3087396833002778, -36.77079380742812]
Position: [-1.5946338383264214, -13.219546354566125, 33.67374746423258], Rotation: [-7.2403696166666665, 2.3042235000000155, 5.220735548989321], Velocity: [0.16627338079716686, 1.4423075552518592, -36.95014615133243]
Position: [-1.5918626153131352, -13.195507895311927, 33.0551866950437], Rotation: [-7.268530216666666, 2.2760884666666823, 5.220735548989321], Velocity: [0.18222169246730935, 1.5758754272034405, -37.129498495236746]
Position: [-1.5888255871053467, -13.169243304858536, 32.43363672012309], Rotation: [-7.296690816666666, 2.247953433333349, 5.220735548989321], Velocity: [0.19817000413745184, 1.709443299155022, -37.30885083914106]
Position: [-1.5855227537030558, -13.140752583205952, 31.809097539470738], Rotation: [-7.324851416666665, 2.219818400000016, 5.220735548989321], Velocity: [0.21411831580759433, 1.8430111711066033, -37.48820318304537]
Position: [-1.5819541151062626, -13.110035730354175, 31.18156915308665], Rotation: [-7.353012016666665, 2.1916833666666826, 5.220735548989321], Velocity: [0.23006662747773682, 1.9765790430581847, -37.667555526949684]
Position: [-1.578119671314967, -13.077092746303206, 30.55105156097082], Rotation: [-7.381172616666665, 2.1635483333333494, 5.220735548989321], Velocity: [0.2460149391478793, 2.110146915009766, -37.846907870854]
Position: [-1.574019422329169, -13.041923631053043, 29.917544763123253], Rotation: [-7.409333216666664, 2.135413300000016, 5.220735548989321], Velocity: [0.2619632508180218, 2.2437147869613474, -38.02626021475831]
Position: [-1.5696533681488687, -13.004528384603688, 29.281048759543946], Rotation: [-7.437493816666664, 2.107278266666683, 5.220735548989321], Velocity: [0.2779115624881643, 2.377282658912929, -38.20561255866262]
Position: [-1.565021508774066, -12.964907006955139, 28.641563550232902], Rotation: [-7.465654416666664, 2.0791432333333497, 5.220735548989321], Velocity: [0.2938598741583068, 2.51085053086451, -38.384964902566935]
Position: [-1.560123844204761, -12.923059498107397, 27.999089135190122], Rotation: [-7.493815016666663, 2.0510082000000165, 5.220735548989321], Velocity: [0.30980818582844927, 2.6444184028160915, -38.56431724647125]
Position: [-1.5549603744409535, -12.878985858060462, 27.3536255144156], Rotation: [-7.521975616666663, 2.0228731666666833, 5.220735548989321], Velocity: [0.32575649749859176, 2.777986274767673, -38.74366959037556]
Position: [-1.5495310994826437, -12.832686086814334, 26.705172687909343], Rotation: [-7.550136216666663, 1.99473813333335, 5.220735548989321], Velocity: [0.34170480916873425, 2.9115541467192543, -38.92302193427987]
Position: [-1.5438360193298315, -12.784160184369012, 26.053730655671345], Rotation: [-7.578296816666662, 1.9666031000000168, 5.220735548989321], Velocity: [0.35765312083887674, 3.0451220186708357, -39.102374278184186]
Position: [-1.537875133982517, -12.733408150724498, 25.39929941770161], Rotation: [-7.606457416666662, 1.9384680666666836, 5.220735548989321], Velocity: [0.3736014325090192, 3.178689890622417, -39.2817266220885]
Position: [-1.5316484434407, -12.680429985880792, 24.741878974000134], Rotation: [-7.6346180166666615, 1.9103330333333504, 5.220735548989321], Velocity: [0.3895497441791617, 3.3122577625739984, -39.46107896599281]
Position: [-1.5251559477043808, -12.625225689837892, 24.08146932456692], Rotation: [-7.662778616666661, 1.8821980000000171, 5.220735548989321], Velocity: [0.4054980558493042, 3.4458256345255798, -39.640431309897124]
Position: [-1.5183976467735592, -12.5677952625958, 23.418070469401968], Rotation: [-7.690939216666661, 1.854062966666684, 5.220735548989321], Velocity: [0.4214463675194467, 3.579393506477161, -39.81978365380144]
Position: [-1.5113735406482351, -12.508138704154513, 22.75168240850528], Rotation: [-7.7190998166666605, 1.8259279333333507, 5.220735548989321], Velocity: [0.4373946791895892, 3.7129613784287425, -39.99913599770575]
Position: [-1.5040836293284086, -12.446256014514034, 22.082305141876848], Rotation: [-7.74726041666666, 1.7977929000000175, 5.220735548989321], Velocity: [0.4533429908597317, 3.846529250380324, -40.17848834161006]
Position: [-1.4965279128140796, -12.382147193674362, 21.40993866951668], Rotation: [-7.77542101666666, 1.7696578666666842, 5.220735548989321], Velocity: [0.46929130252987417, 3.9800971223319053, -40.357840685514375]
Position: [-1.4887063911052483, -12.315812241635497, 20.734582991424773], Rotation: [-7.803581616666659, 1.741522833333351, 5.220735548989321], Velocity: [0.48523961420001666, 4.113664994283487, -40.53719302941869]
Position: [-1.4806190642019146, -12.247251158397438, 20.05623810760113], Rotation: [-7.831742216666659, 1.7133878000000178, 5.220735548989321], Velocity: [0.5011879258701591, 4.247232866235068, -40.716545373323]
Position: [-1.4722659321040785, -12.176463943960186, 19.374904018045743], Rotation: [-7.859902816666659, 1.6852527666666846, 5.220735548989321], Velocity: [0.5171362375403016, 4.380800738186649, -40.895897717227314]
Position: [-1.46364699481174, -12.103450598323743, 18.69058072275862], Rotation: [-7.888063416666658, 1.6571177333333513, 5.220735548989321], Velocity: [0.533084549210444, 4.514368610138231, -41.07525006113163]
Position: [-1.4547622523248993, -12.028211121488106, 18.003268221739763], Rotation: [-7.916224016666658, 1.628982700000018, 5.220735548989321], Velocity: [0.5490328608805864, 4.647936482089812, -41.25460240503594]
Position: [-1.4456117046435562, -11.950745513453276, 17.312966514989164], Rotation: [-7.944384616666658, 1.6008476666666849, 5.220735548989321], Velocity: [0.5649811725507289, 4.7815043540413935, -41.43395474894025]
Position: [-1.4361953517677106, -11.871053774219252, 16.619675602506828], Rotation: [-7.972545216666657, 1.5727126333333517, 5.220735548989321], Velocity: [0.5809294842208713, 4.915072225992975, -41.613307092844565]
Position: [-1.4265131936973627, -11.789135903786036, 15.923395484292751], Rotation: [-8.000705816666658, 1.5445776000000184, 5.220735548989321], Velocity: [0.5968777958910138, 5.048640097944556, -41.79265943674888]
Position: [-1.4165652304325125, -11.704991902153626, 15.224126160346936], Rotation: [-8.028866416666657, 1.5164425666666852, 5.220735548989321], Velocity: [0.6128261075611562, 5.182207969896138, -41.97201178065319]
Position: [-1.4063514619731599, -11.618621769322024, 14.521867630669382], Rotation: [-8.057027016666657, 1.488307533333352, 5.220735548989321], Velocity: [0.6287744192312986, 5.315775841847719, -42.1513641245575]
Position: [-1.3958718883193049, -11.53002550529123, 13.81661989526009], Rotation: [-8.085187616666657, 1.4601725000000187, 5.220735548989321], Velocity: [0.644722730901441, 5.4493437137993, -42.330716468461816]
Position: [-1.3851265094709475, -11.439203110061241, 13.10838295411906], Rotation: [-8.113348216666656, 1.4320374666666855, 5.220735548989321], Velocity: [0.6606710425715835, 5.582911585750882, -42.51006881236613]
Position: [-1.3741153254280878, -11.34615458363206, 12.397156807246292], Rotation: [-8.141508816666656, 1.4039024333333523, 5.220735548989321], Velocity: [0.6766193542417259, 5.716479457702463, -42.68942115627044]
Position: [-1.3628383361907257, -11.250879926003686, 11.682941454641785], Rotation: [-8.169656633333323, 1.410116850000019, 5.220735548989321], Velocity: [0.6739982814509593, 5.69438390313643, -42.79603826570403]
Position: [-1.3516050314998764, -11.155973527618078, 10.966949150213384], Rotation: [-8.19780444999999, 1.4163312666666856, 5.220735548989321], Velocity: [0.6713772086601926, 5.6722883485703965, -42.90265537513761]
Position: [-1.34041541135554, -11.061435388475239, 10.249179893961092], Rotation: [-8.225952266666658, 1.4225456833333523, 5.220735548989321], Velocity: [0.6687561358694258, 5.650192794004363, -43.0092724845712]
Position: [-1.3292694757577161, -10.967265508575167, 9.529633685884905], Rotation: [-8.254100083333325, 1.428760100000019, 5.220735548989321], Velocity: [0.6661350630786591, 5.62809723943833, -43.115889594004784]
Position: [-1.3181672247064051, -10.873463887917861, 8.808310525984826], Rotation: [-8.282247899999993, 1.4349745166666856, 5.220735548989321], Velocity: [0.6635139902878924, 5.606001684872297, -43.22250670343837]
Position: [-1.307108658201607, -10.780030526503323, 8.085210414260853], Rotation: [-8.31039571666666, 1.4411889333333523, 5.220735548989321], Velocity: [0.6608929174971256, 5.583906130306263, -43.329123812871956]
Position: [-1.2960937762433216, -10.686965424331552, 7.360333350712987], Rotation: [-8.338543533333327, 1.447403350000019, 5.220735548989321], Velocity: [0.6582718447063589, 5.56181057574023, -43.43574092230554]
Position: [-1.285122578831549, -10.594268581402549, 6.6336793353412284], Rotation: [-8.366691349999995, 1.4536177666666856, 5.220735548989321], Velocity: [0.6556507719155922, 5.539715021174197, -43.54235803173913]
Position: [-1.274195065966289, -10.501939997716311, 5.9052483681455765], Rotation: [-8.394839166666662, 1.4598321833333523, 5.220735548989321], Velocity: [0.6530296991248254, 5.5176194666081635, -43.64897514117271]
Position: [-1.263311237647542, -10.409979673272842, 5.175040449126032], Rotation: [-8.42298698333333, 1.466046600000019, 5.220735548989321], Velocity: [0.6504086263340587, 5.49552391204213, -43.7555922506063]
Position: [-1.2524710938753076, -10.31838760807214, 4.443055578282594], Rotation: [-8.451134799999997, 1.4722610166666856, 5.220735548989321], Velocity: [0.647787553543292, 5.473428357476097, -43.862209360039884]
Position: [-1.2416746346495862, -10.227163802114205, 3.709293755615262], Rotation: [-8.479282616666664, 1.4784754333333523, 5.220735548989321], Velocity: [0.6451664807525253, 5.451332802910064, -43.96882646947347]
Position: [-1.2309218599703775, -10.136308255399037, 2.9737549811240376], Rotation: [-8.507430433333331, 1.484689850000019, 5.220735548989321], Velocity: [0.6425454079617585, 5.42923724834403, -44.075443578907056]
Position: [-1.2202127698376815, -10.045820967926636, 2.23643925480892], Rotation: [-8.535578249999999, 1.4909042666666856, 5.220735548989321], Velocity: [0.6399243351709918, 5.407141693777997, -44.18206068834064]
Position: [-1.2095473642514982, -9.955701939697002, 1.4973465766699094], Rotation: [-8.563726066666666, 1.4971186833333523, 5.220735548989321], Velocity: [0.637303262380225, 5.385046139211964, -44.28867779777423]
Position: [-1.1989256432118278, -9.865951170710137, 0.7564769467070057], Rotation: [-8.591873883333333, 1.503333100000019, 5.220735548989321], Velocity: [0.6346821895894583, 5.36295058464593, -44.39529490720781]
Position: [-1.1883476067186702, -9.776568660966038, 0.013830364920208837], Rotation: [-8.6200217, 1.5095475166666856, 5.220735548989321], Velocity: [0.6320611167986916, 5.340855030079897, -44.5019120166414]
Position: [-1.1778132547720255, -9.687554410464706, -0.7305931686904811], Rotation: [-8.648169516666668, 1.5157619333333523, 5.220735548989321], Velocity: [0.6294400440079249, 5.318759475513864, -44.608529126074984]
