Position: [0.0, 0.0, 99.999019], Rotation: [3.4257388854121786, 2.032658040650044, 4.627034705628377], Velocity: [-0.007203906194437687, 0.04684460780789155, -0.040113465180225766]
Position: [-7.203906194437687e-05, 0.0004684460780789155, 99.9976368653482], Rotation: [3.4429727254121785, 2.039510350650044, 4.627034705628377], Velocity: [-0.014407812388875374, 0.0936892156157831, -0.08022693036045153]
Position: [-0.0002161171858331306, 0.0014053382342367464, 99.9958535960446], Rotation: [3.4602065654121783, 2.0463626606500442, 4.627034705628377], Velocity: [-0.02161171858331306, 0.14053382342367465, -0.1203403955406773]
Position: [-0.0004322343716662612, 0.0028106764684734933, 99.99366919208919], Rotation: [3.477440405412178, 2.0532149706500444, 4.627034705628377], Velocity: [-0.028815624777750747, 0.1873784312315662, -0.16045386072090306]
Position: [-0.0007203906194437686, 0.004684460780789155, 99.99108365348198], Rotation: [3.494674245412178, 2.0600672806500446, 4.627034705628377], Velocity: [-0.036019530972188435, 0.23422303903945774, -0.20056732590112883]
Position: [-0.001080585929165653, 0.007026691171183733, 99.98809698022296], Rotation: [3.511908085412178, 2.066919590650045, 4.627034705628377], Velocity: [-0.04322343716662612, 0.2810676468473493, -0.2406807910813546]
Position: [-0.0015128203008319143, 0.009837367639657226, 99.98470917231215], Rotation: [3.5291419254121776, 2.073771900650045, 4.627034705628377], Velocity: [-0.0504273433610638, 0.3279122546552409, -0.2807942562615804]
Position: [-0.002017093734442552, 0.013116490186209636, 99.98092022974953], Rotation: [3.5463757654121775, 2.080624210650045, 4.627034705628377], Velocity: [-0.05763124955550149, 0.37475686246313245, -0.3209077214418061]
Position: [-0.002593406229997567, 0.01686405881084096, 99.97673015253511], Rotation: [3.5636096054121773, 2.0874765206500454, 4.627034705628377], Velocity: [-0.06483515574993917, 0.421601470271024, -0.36102118662203186]
Position: [-0.0032417577874969588, 0.021080073513551203, 99.97213894066888], Rotation: [3.580843445412177, 2.0943288306500456, 4.627034705628377], Velocity: [-0.07203906194437686, 0.4684460780789156, -0.4011346518022576]
Position: [-0.003962148406940727, 0.02576453429434036, 99.96714659415086], Rotation: [3.598077285412177, 2.101181140650046, 4.627034705628377], Velocity: [-0.07924296813881454, 0.5152906858868072, -0.44124811698248334]
Position: [-0.004754578088328873, 0.030917441153208432, 99.96175311298104], Rotation: [3.615311125412177, 2.108033450650046, 4.627034705628377], Velocity: [-0.08644687433325222, 0.5621352936946987, -0.4813615821627091]
Position: [-0.005619046831661395, 0.03653879409015542, 99.95595849715941], Rotation: [3.6325449654121766, 2.114885760650046, 4.627034705628377], Velocity: [-0.09365078052768991, 0.6089799015025903, -0.5214750473429348]
Position: [-0.0065555546369382945, 0.04262859310518132, 99.94976274668599], Rotation: [3.6497788054121765, 2.1217380706500464, 4.627034705628377], Velocity: [-0.10085468672212759, 0.6558245093104819, -0.5615885125231606]
Position: [-0.00756410150415957, 0.04918683819828614, 99.94316586156076], Rotation: [3.6670126454121763, 2.1285903806500466, 4.627034705628377], Velocity: [-0.10805859291656528, 0.7026691171183734, -0.6017019777033863]
Position: [-0.008644687433325223, 0.056213529369469876, 99.93616784178373], Rotation: [3.684246485412176, 2.1354426906500468, 4.627034705628377], Velocity: [-0.11526249911100296, 0.749513724926265, -0.641815442883612]
Position: [-0.009797312424435253, 0.06370866661873252, 99.92876868735489], Rotation: [3.701480325412176, 2.142295000650047, 4.627034705628377], Velocity: [-0.12246640530544065, 0.7963583327341566, -0.6819289080638378]
Position: [-0.01102197647748966, 0.07167224994607409, 99.92096839827425], Rotation: [3.718714165412176, 2.149147310650047, 4.627034705628377], Velocity: [-0.12967031149987834, 0.8432029405420481, -0.7220423732440635]
Position: [-0.012318679592488443, 0.08010427935149457, 99.91276697454181], Rotation: [3.7359480054121756, 2.1559996206500474, 4.627034705628377], Velocity: [-0.13687421769431604, 0.8900475483499397, -0.7621558384242892]
Position: [-0.013687421769431603, 0.08900475483499397, 99.90416441615757], Rotation: [3.7531818454121755, 2.1628519306500475, 4.627034705628377], Velocity: [-0.14407812388875374, 0.9368921561578313, -0.802269303604515]
Position: [-0.01512820300831914, 0.09837367639657228, 99.89516072312152], Rotation: [3.7704156854121753, 2.1697042406500477, 4.627034705628377], Velocity: [-0.15128203008319144, 0.9837367639657228, -0.8423827687847407]
Position: [-0.016641023309151053, 0.10821104403622951, 99.88575589543368], Rotation: [3.787649525412175, 2.176556550650048, 4.627034705628377], Velocity: [-0.15848593627762914, 1.0305813717736143, -0.8824962339649665]
Position: [-0.018225882671927346, 0.11851685775396566, 99.87594993309402], Rotation: [3.804883365412175, 2.183408860650048, 4.627034705628377], Velocity: [-0.16568984247206683, 1.0774259795815058, -0.9226096991451922]
Position: [-0.019882781096648015, 0.1292911175497807, 99.86574283610257], Rotation: [3.822117205412175, 2.1902611706500483, 4.627034705628377], Velocity: [-0.17289374866650453, 1.1242705873893972, -0.9627231643254179]
Position: [-0.02161171858331306, 0.14053382342367468, 99.85513460445931], Rotation: [3.8393510454121746, 2.1971134806500485, 4.627034705628377], Velocity: [-0.18009765486094223, 1.1711151951972887, -1.0028366295056437]
Position: [-0.02341269513192248, 0.15224497537564757, 99.84412523816425], Rotation: [3.8565848854121745, 2.2039657906500487, 4.627034705628377], Velocity: [-0.18730156105537993, 1.2179598030051801, -1.0429500946858694]
Position: [-0.02528571074247628, 0.16442457340569938, 99.8327147372174], Rotation: [3.8738187254121743, 2.210818100650049, 4.627034705628377], Velocity: [-0.19450546724981763, 1.2648044108130716, -1.0830635598660951]
Position: [-0.027230765414974458, 0.1770726175138301, 99.82090310161874], Rotation: [3.891052565412174, 2.217670410650049, 4.627034705628377], Velocity: [-0.20170937344425532, 1.311649018620963, -1.1231770250463209]
Position: [-0.02924785914941701, 0.19018910770003974, 99.80869033136828], Rotation: [3.908286405412174, 2.2245227206500493, 4.627034705628377], Velocity: [-0.20891327963869302, 1.3584936264288545, -1.1632904902265466]
Position: [-0.031336991945803944, 0.2037740439643283, 99.79607642646602], Rotation: [3.925520245412174, 2.2313750306500495, 4.627034705628377], Velocity: [-0.21611718583313072, 1.405338234236746, -1.2034039554067724]
Position: [-0.03349816380413525, 0.21782742630669577, 99.78306138691195], Rotation: [3.9427540854121736, 2.2382273406500497, 4.627034705628377], Velocity: [-0.22332109202756842, 1.4521828420446374, -1.243517420586998]
Position: [-0.03573137472441093, 0.23234925472714216, 99.76964521270608], Rotation: [3.9599936754121736, 2.2656893106500497, 4.627034705628377], Velocity: [-0.2250999315047684, 1.4637059359022035, -1.369552849046014]
Position: [-0.037982374039458616, 0.2469863140861642, 99.75496868421563], Rotation: [3.9772332654121736, 2.29315128065005, 4.627034705628377], Velocity: [-0.22687877098196838, 1.4752290297597697, -1.49558827750503]
Position: [-0.0402511617492783, 0.2617386043837619, 99.73903180144058], Rotation: [3.9944728554121736, 2.32061325065005, 4.627034705628377], Velocity: [-0.22865761045916835, 1.4867521236173358, -1.621623705964046]
Position: [-0.04253773785386998, 0.27660612561993525, 99.72183456438094], Rotation: [4.011712445412174, 2.34807522065005, 4.627034705628377], Velocity: [-0.23043644993636833, 1.4982752174749019, -1.7476591344230619]
Position: [-0.044842102353233666, 0.2915888777946843, 99.70337697303671], Rotation: [4.028952035412174, 2.37553719065005, 4.627034705628377], Velocity: [-0.2322152894135683, 1.509798311332468, -1.8736945628820778]
Position: [-0.04716425524736935, 0.30668686090800895, 99.68365902740788], Rotation: [4.046191625412174, 2.40299916065005, 4.627034705628377], Velocity: [-0.2339941288907683, 1.5213214051900341, -1.9997299913410937]
Position: [-0.04950419653627703, 0.3219000749599093, 99.66268072749448], Rotation: [4.063431215412174, 2.43046113065005, 4.627034705628377], Velocity: [-0.23577296836796827, 1.5328444990476002, -2.1257654198001097]
Position: [-0.051861926219956715, 0.3372285199503853, 99.64044207329647], Rotation: [4.080670805412174, 2.45792310065005, 4.627034705628377], Velocity: [-0.23755180784516824, 1.5443675929051663, -2.251800848259126]
Position: [-0.0542374442984084, 0.35267219587943693, 99.61694306481388], Rotation: [4.097910395412174, 2.48538507065005, 4.627034705628377], Velocity: [-0.23933064732236822, 1.5558906867627325, -2.377836276718142]
Position: [-0.05663075077163208, 0.3682311027470643, 99.5921837020467], Rotation: [4.115149985412174, 2.5128470406500503, 4.627034705628377], Velocity: [-0.2411094867995682, 1.5674137806202986, -2.503871705177158]
Position: [-0.05904184563962776, 0.38390524055326725, 99.56616398499493], Rotation: [4.132389575412174, 2.5403090106500503, 4.627034705628377], Velocity: [-0.24288832627676818, 1.5789368744778647, -2.6299071336361743]
Position: [-0.061470728902395445, 0.3996946092980459, 99.53888391365857], Rotation: [4.149629165412174, 2.5677709806500504, 4.627034705628377], Velocity: [-0.24466716575396816, 1.5904599683354308, -2.7559425620951905]
Position: [-0.06391740055993513, 0.41559920898140024, 99.51034348803762], Rotation: [4.166868755412174, 2.5952329506500504, 4.627034705628377], Velocity: [-0.24644600523116814, 1.601983062192997, -2.8819779905542067]
Position: [-0.06638186061224681, 0.4316190396033302, 99.48054270813208], Rotation: [4.184108345412174, 2.6226949206500505, 4.627034705628377], Velocity: [-0.24822484470836811, 1.613506156050563, -3.008013419013223]
Position: [-0.06886410905933049, 0.44775410116383585, 99.44948157394194], Rotation: [4.201347935412174, 2.6501568906500506, 4.627034705628377], Velocity: [-0.2500036841855681, 1.6250292499081291, -3.134048847472239]
Position: [-0.07136414590118617, 0.4640043936629171, 99.41716008546722], Rotation: [4.218587525412174, 2.6776188606500506, 4.627034705628377], Velocity: [-0.2517825236627681, 1.6365523437656952, -3.260084275931255]
Position: [-0.07388197113781385, 0.4803699171005741, 99.3835782427079], Rotation: [4.235827115412174, 2.7050808306500507, 4.627034705628377], Velocity: [-0.2535613631399681, 1.6480754376232614, -3.3861197043902713]
Position: [-0.07641758476921352, 0.4968506714768067, 99.348736045664], Rotation: [4.253066705412174, 2.7325428006500507, 4.627034705628377], Velocity: [-0.25534020261716805, 1.6595985314808275, -3.5121551328492875]
Position: [-0.07897098679538521, 0.513446656791615, 99.3126334943355], Rotation: [4.2703062954121735, 2.760004770650051, 4.627034705628377], Velocity: [-0.25711904209436803, 1.6711216253383936, -3.6381905613083036]
Position: [-0.08154217721632889, 0.530157873044999, 99.27527058872242], Rotation: [4.2875458854121735, 2.787466740650051, 4.627034705628377], Velocity: [-0.258897881571568, 1.6826447191959597, -3.76422598976732]
Position: [-0.08413115603204457, 0.5469843202369585, 99.23664732882474], Rotation: [4.3047854754121735, 2.814928710650051, 4.627034705628377], Velocity: [-0.260676721048768, 1.6941678130535258, -3.890261418226336]
Position: [-0.08673792324253225, 0.5639259983674938, 99.19676371464249], Rotation: [4.3220250654121735, 2.842390680650051, 4.627034705628377], Velocity: [-0.26245556052596797, 1.705690906911092, -4.016296846685352]
Position: [-0.08936247884779193, 0.5809829074366047, 99.15561974617563], Rotation: [4.339264655412173, 2.869852650650051, 4.627034705628377], Velocity: [-0.26423440000316795, 1.717214000768658, -4.142332275144367]
Position: [-0.0920048228478236, 0.5981550474442914, 99.1132154234242], Rotation: [4.356504245412173, 2.897314620650051, 4.627034705628377], Velocity: [-0.2660132394803679, 1.7287370946262242, -4.268367703603383]
Position: [-0.09466495524262729, 0.6154424183905536, 99.06955074638816], Rotation: [4.373743835412173, 2.924776590650051, 4.627034705628377], Velocity: [-0.2677920789575679, 1.7402601884837903, -4.394403132062399]
Position: [-0.09734287603220297, 0.6328450202753915, 99.02462571506753], Rotation: [4.390983425412173, 2.952238560650051, 4.627034705628377], Velocity: [-0.2695709184347679, 1.7517832823413564, -4.520438560521415]
Position: [-0.10003858521655065, 0.650362853098805, 98.97844032946232], Rotation: [4.408223015412173, 2.9797005306500512, 4.627034705628377], Velocity: [-0.27134975791196786, 1.7633063761989225, -4.64647398898043]
Position: [-0.10275208279567033, 0.6679959168607943, 98.9309945895725], Rotation: [4.425462605412173, 3.0071625006500513, 4.627034705628377], Velocity: [-0.27312859738916784, 1.7748294700564886, -4.772509417439446]
Position: [-0.105483368769562, 0.6857442115613592, 98.88228849539811], Rotation: [4.442702195412173, 3.0346244706500514, 4.627034705628377], Velocity: [-0.2749074368663678, 1.7863525639140547, -4.898544845898462]
Position: [-0.10823244313822568, 0.7036077372004997, 98.83232204693913], Rotation: [4.459941785412173, 3.0620864406500514, 4.627034705628377], Velocity: [-0.2766862763435678, 1.7978756577716208, -5.0245802743574774]
Position: [-0.11099930590166136, 0.7215864937782159, 98.78109524419555], Rotation: [4.477181375412173, 3.0895484106500515, 4.627034705628377], Velocity: [-0.2784651158207678, 1.809398751629187, -5.150615702816493]
Position: [-0.11378395705986905, 0.7396804812945078, 98.72860808716739], Rotation: [4.494420965412173, 3.1170103806500515, 4.627034705628377], Velocity: [-0.28024395529796775, 1.820921845486753, -5.276651131275509]
Position: [-0.11658639661284873, 0.7578896997493754, 98.67486057585464], Rotation: [4.511666315412173, 3.1022501606500517, 4.627034705628377], Velocity: [-0.2674760437594292, 1.7385277407182345, -5.366825340026995]
Position: [-0.11926115705044302, 0.7752749771565577, 98.62021132245437], Rotation: [4.528911665412172, 3.087489940650052, 4.627034705628377], Velocity: [-0.2547081322208906, 1.6561336359497159, -5.456999548778482]
Position: [-0.12180823837265192, 0.7918363135160549, 98.56466032696659], Rotation: [4.546157015412172, 3.072729720650052, 4.627034705628377], Velocity: [-0.24194022068235205, 1.5737395311811972, -5.547173757529968]
Position: [-0.12422764057947544, 0.8075737088278668, 98.50820758939129], Rotation: [4.563402365412172, 3.057969500650052, 4.627034705628377], Velocity: [-0.22917230914381348, 1.4913454264126786, -5.637347966281455]
Position: [-0.12651936367091357, 0.8224871630919937, 98.45085310972847], Rotation: [4.580647715412171, 3.043209280650052, 4.627034705628377], Velocity: [-0.2164043976052749, 1.40895132164416, -5.7275221750329415]
Position: [-0.1286834076469663, 0.8365766763084352, 98.39259688797814], Rotation: [4.597893065412171, 3.0284490606500523, 4.627034705628377], Velocity: [-0.20363648606673634, 1.3265572168756414, -5.817696383784428]
Position: [-0.13071977250763367, 0.8498422484771917, 98.3334389241403], Rotation: [4.61513841541217, 3.0136888406500524, 4.627034705628377], Velocity: [-0.19086857452819778, 1.2441631121071228, -5.9078705925359145]
Position: [-0.13262845825291564, 0.8622838795982629, 98.27337921821494], Rotation: [4.63238376541217, 2.9989286206500525, 4.627034705628377], Velocity: [-0.1781006629896592, 1.1617690073386042, -5.998044801287401]
Position: [-0.13440946488281222, 0.873901569671649, 98.21241777020207], Rotation: [4.64962911541217, 2.9841684006500526, 4.627034705628377], Velocity: [-0.16533275145112064, 1.0793749025700856, -6.0882190100388875]
Position: [-0.1360627923973234, 0.8846953186973499, 98.15055458010168], Rotation: [4.666874465412169, 2.9694081806500527, 4.627034705628377], Velocity: [-0.15256483991258207, 0.9969807978015669, -6.178393218790374]
Position: [-0.13758844079644925, 0.8946651266753656, 98.08778964791378], Rotation: [4.684119815412169, 2.954647960650053, 4.627034705628377], Velocity: [-0.1397969283740435, 0.9145866930330482, -6.268567427541861]
Position: [-0.1389864100801897, 0.9038109936056961, 98.02412297363836], Rotation: [4.701365165412168, 2.939887740650053, 4.627034705628377], Velocity: [-0.12702901683550494, 0.8321925882645295, -6.358741636293347]
Position: [-0.14025670024854475, 0.9121329194883413, 97.95955455727542], Rotation: [4.718610515412168, 2.925127520650053, 4.627034705628377], Velocity: [-0.11426110529696638, 0.7497984834960107, -6.448915845044834]
Position: [-0.14139931130151442, 0.9196309043233014, 97.89408439882497], Rotation: [4.735855865412168, 2.9103673006500532, 4.627034705628377], Velocity: [-0.10149319375842783, 0.667404378727492, -6.53909005379632]
Position: [-0.1424142432390987, 0.9263049481105763, 97.82771249828701], Rotation: [4.753101215412167, 2.8956070806500533, 4.627034705628377], Velocity: [-0.08872528221988928, 0.5850102739589733, -6.629264262547807]
Position: [-0.1433014960612976, 0.932155050850166, 97.76043885566153], Rotation: [4.770346565412167, 2.8808468606500535, 4.627034705628377], Velocity: [-0.07595737068135072, 0.5026161691904546, -6.719438471299293]
Position: [-0.14406106976811112, 0.9371812125420705, 97.69226347094855], Rotation: [4.787591915412166, 2.8660866406500536, 4.627034705628377], Velocity: [-0.06318945914281217, 0.4202220644219359, -6.80961268005078]
Position: [-0.14469296435953924, 0.9413834331862899, 97.62318634414804], Rotation: [4.804837265412166, 2.8513264206500537, 4.627034705628377], Velocity: [-0.050421547604273614, 0.33782795965341716, -6.899786888802266]
Position: [-0.14519717983558197, 0.9447617127828241, 97.55320747526001], Rotation: [4.822082615412166, 2.836566200650054, 4.627034705628377], Velocity: [-0.03765363606573506, 0.25543385488489845, -6.989961097553753]
Position: [-0.14557371619623932, 0.9473160513316731, 97.48232686428447], Rotation: [4.839327965412165, 2.821805980650054, 4.627034705628377], Velocity: [-0.024885724527196507, 0.17303975011637973, -7.080135306305239]
Position: [-0.14582257344151128, 0.9490464488328368, 97.41054451122142], Rotation: [4.856573315412165, 2.807045760650054, 4.627034705628377], Velocity: [-0.012117812988657953, 0.09064564534786103, -7.170309515056726]
Position: [-0.14594375157139786, 0.9499529052863155, 97.33786041607085], Rotation: [4.8738186654121645, 2.792285540650054, 4.627034705628377], Velocity: [0.0006500985498806011, 0.008251540579342326, -7.260483723808212]
Position: [-0.14593725058589904, 0.9500354206921089, 97.26427457883277], Rotation: [4.891064015412164, 2.7775253206500543, 4.627034705628377], Velocity: [0.013418010088419155, -0.07414256418917638, -7.350657932559699]
Position: [-0.14580307048501484, 0.9492939950502172, 97.18978699950718], Rotation: [4.908309365412164, 2.7627651006500544, 4.627034705628377], Velocity: [0.02618592162695771, -0.15653666895769508, -7.440832141311185]
Position: [-0.14554121126874525, 0.9477286283606402, 97.11439767809406], Rotation: [4.925554715412163, 2.7480048806500545, 4.627034705628377], Velocity: [0.03895383316549626, -0.2389307737262138, -7.531006350062672]
Position: [-0.14515167293709028, 0.9453393206233781, 97.03810661459343], Rotation: [4.942800065412163, 2.7332446606500547, 4.627034705628377], Velocity: [0.05172174470403482, -0.3213248784947325, -7.621180558814158]
Position: [-0.14463445549004994, 0.9421260718384308, 96.96091380900529], Rotation: [4.9600454154121625, 2.718484440650055, 4.627034705628377], Velocity: [0.06448965624257337, -0.40371898326325123, -7.711354767565645]
Position: [-0.14398955892762422, 0.9380888820057983, 96.88281926132963], Rotation: [4.977290765412162, 2.703724220650055, 4.627034705628377], Velocity: [0.07725756778111192, -0.48611308803176995, -7.801528976317131]
Position: [-0.1432169832498131, 0.9332277511254806, 96.80382297156646], Rotation: [4.994536115412162, 2.688964000650055, 4.627034705628377], Velocity: [0.09002547931965048, -0.5685071928002886, -7.891703185068618]
Position: [-0.1423167284566166, 0.9275426791974777, 96.72392493971577], Rotation: [5.011781465412161, 2.674203780650055, 4.627034705628377], Velocity: [0.10279339085818903, -0.6509012975688073, -7.981877393820104]
Position: [-0.14128879454803472, 0.9210336662217896, 96.64312516577758], Rotation: [5.029026815412161, 2.6594435606500553, 4.627034705628377], Velocity: [0.11556130239672759, -0.733295402337326, -8.072051602571591]
Position: [-0.14013318152406745, 0.9137007121984163, 96.56142364975186], Rotation: [5.046279835412161, 2.6652930006500553, 4.627034705628377], Velocity: [0.11223586520961785, -0.7119438668606201, -8.137522388128453]
Position: [-0.13901082287197128, 0.9065812735298101, 96.47906742587057], Rotation: [5.063532855412161, 2.6711424406500552, 4.627034705628377], Velocity: [0.10891042802250812, -0.6905923313839141, -8.202993173685314]
Position: [-0.1379217185917462, 0.899675350215971, 96.39605649413372], Rotation: [5.080785875412161, 2.6769918806500552, 4.627034705628377], Velocity: [0.10558499083539839, -0.6692407959072081, -8.268463959242176]
Position: [-0.13686586868339223, 0.8929829422568989, 96.31239085454129], Rotation: [5.098038895412161, 2.682841320650055, 4.627034705628377], Velocity: [0.10225955364828866, -0.6478892604305021, -8.333934744799038]
Position: [-0.13584327314690936, 0.8865040496525939, 96.2280705070933], Rotation: [5.115291915412161, 2.688690760650055, 4.627034705628377], Velocity: [0.09893411646117893, -0.6265377249537961, -8.3994055303559]
Position: [-0.13485393198229756, 0.880238672403056, 96.14309545178975], Rotation: [5.132544935412161, 2.694540200650055, 4.627034705628377], Velocity: [0.0956086792740692, -0.6051861894770901, -8.464876315912761]
Position: [-0.13389784518955686, 0.8741868105082851, 96.05746568863061], Rotation: [5.149797955412161, 2.700389640650055, 4.627034705628377], Velocity: [0.09228324208695947, -0.5838346540003841, -8.530347101469623]
Position: [-0.13297501276868726, 0.8683484639682812, 95.97118121761592], Rotation: [5.167050975412161, 2.706239080650055, 4.627034705628377], Velocity: [0.08895780489984974, -0.5624831185236782, -8.595817887026485]
Position: [-0.13208543471968875, 0.8627236327830444, 95.88424203874565], Rotation: [5.1843039954121615, 2.712088520650055, 4.627034705628377], Velocity: [0.08563236771274, -0.5411315830469722, -8.661288672583346]
Position: [-0.13122911104256135, 0.8573123169525747, 95.79664815201983], Rotation: [5.2015570154121615, 2.717937960650055, 4.627034705628377], Velocity: [0.08230693052563028, -0.5197800475702662, -8.726759458140208]
Position: [-0.13040604173730505, 0.8521145164768721, 95.70839955743843], Rotation: [5.218810035412162, 2.723787400650055, 4.627034705628377], Velocity: [0.07898149333852054, -0.49842851209356026, -8.79223024369707]
Position: [-0.12961622680391985, 0.8471302313559365, 95.61949625500145], Rotation: [5.236063055412162, 2.729636840650055, 4.627034705628377], Velocity: [0.07565605615141081, -0.47707697661685433, -8.857701029253931]
Position: [-0.12885966624240575, 0.8423594615897679, 95.52993824470892], Rotation: [5.253316075412162, 2.735486280650055, 4.627034705628377], Velocity: [0.07233061896430108, -0.4557254411401484, -8.923171814810793]
Position: [-0.12813636005276274, 0.8378022071783664, 95.4397255265608], Rotation: [5.270569095412162, 2.741335720650055, 4.627034705628377], Velocity: [0.06900518177719135, -0.43437390566344247, -8.988642600367655]
Position: [-0.12744630823499084, 0.833458468121732, 95.34885810055712], Rotation: [5.287822115412162, 2.747185160650055, 4.627034705628377], Velocity: [0.06567974459008162, -0.41302237018673654, -9.054113385924516]
Position: [-0.12678951078909004, 0.8293282444198646, 95.25733596669788], Rotation: [5.305075135412162, 2.753034600650055, 4.627034705628377], Velocity: [0.06235430740297189, -0.3916708347100306, -9.119584171481378]
Position: [-0.1261659677150603, 0.8254115360727643, 95.16515912498306], Rotation: [5.322328155412162, 2.758884040650055, 4.627034705628377], Velocity: [0.05902887021586216, -0.3703192992333247, -9.18505495703824]
Position: [-0.12557567901290168, 0.8217083430804311, 95.07232757541269], Rotation: [5.339581175412162, 2.764733480650055, 4.627034705628377], Velocity: [0.05570343302875243, -0.34896776375661875, -9.250525742595102]
Position: [-0.12501864468261414, 0.8182186654428649, 94.97884131798673], Rotation: [5.356834195412162, 2.770582920650055, 4.627034705628377], Velocity: [0.0523779958416427, -0.3276162282799128, -9.315996528151963]
Position: [-0.12449486472419771, 0.8149425031600658, 94.88470035270521], Rotation: [5.374087215412162, 2.776432360650055, 4.627034705628377], Velocity: [0.049052558654532966, -0.3062646928032069, -9.381467313708825]
Position: [-0.12400433913765238, 0.8118798562320337, 94.78990467956812], Rotation: [5.391340235412162, 2.782281800650055, 4.627034705628377], Velocity: [0.045727121467423235, -0.28491315732650097, -9.446938099265687]
Position: [-0.12354706792297815, 0.8090307246587687, 94.69445429857547], Rotation: [5.408593255412162, 2.788131240650055, 4.627034705628377], Velocity: [0.042401684280313504, -0.26356162184979504, -9.512408884822548]
Position: [-0.12312305108017502, 0.8063951084402707, 94.59834920972725], Rotation: [5.425846275412162, 2.793980680650055, 4.627034705628377], Velocity: [0.03907624709320377, -0.24221008637308908, -9.57787967037941]
Position: [-0.12273228860924298, 0.8039730075765399, 94.50158941302345], Rotation: [5.443099295412162, 2.799830120650055, 4.627034705628377], Velocity: [0.03575080990609404, -0.22085855089638312, -9.643350455936272]
Position: [-0.12237478051018204, 0.801764422067576, 94.40417490846409], Rotation: [5.4603523154121625, 2.805679560650055, 4.627034705628377], Velocity: [0.03242537271898431, -0.19950701541967716, -9.708821241493133]
Position: [-0.12205052678299219, 0.7997693519133793, 94.30610569604916], Rotation: [5.4776053354121625, 2.811529000650055, 4.627034705628377], Velocity: [0.029099935531874576, -0.1781554799429712, -9.774292027049995]
Position: [-0.12175952742767344, 0.7979877971139495, 94.20738177577866], Rotation: [5.494858355412163, 2.817378440650055, 4.627034705628377], Velocity: [0.02577449834476484, -0.15680394446626525, -9.839762812606857]
Position: [-0.1215017824442258, 0.7964197576692869, 94.10800314765258], Rotation: [5.512111375412163, 2.823227880650055, 4.627034705628377], Velocity: [0.022449061157655107, -0.1354524089895593, -9.905233598163719]
Position: [-0.12127729183264925, 0.7950652335793913, 94.00796981167095], Rotation: [5.529364395412163, 2.829077320650055, 4.627034705628377], Velocity: [0.019123623970545373, -0.11410087351285333, -9.97070438372058]
Position: [-0.1210860555929438, 0.7939242248442627, 93.90728176783374], Rotation: [5.546617415412163, 2.8349267606500548, 4.627034705628377], Velocity: [0.015798186783435638, -0.09274933803614738, -10.036175169277442]
Position: [-0.12092807372510944, 0.7929967314639013, 93.80593901614097], Rotation: [5.563870435412163, 2.8407762006500548, 4.627034705628377], Velocity: [0.012472749596325904, -0.07139780255944142, -10.101645954834304]
Position: [-0.12080334622914618, 0.7922827534383069, 93.70394155659262], Rotation: [5.581123455412163, 2.8466256406500547, 4.627034705628377], Velocity: [0.009147312409216169, -0.05004626708273546, -10.167116740391165]
Position: [-0.12071187310505402, 0.7917822907674795, 93.60128938918871], Rotation: [5.598382225412163, 2.873086660650055, 4.627034705628377], Velocity: [0.0023454287970411042, -0.00653815368254846, -10.346696323134326]
Position: [-0.1206884188170836, 0.7917169092306541, 93.49684142595737], Rotation: [5.615640995412162, 2.899547680650055, 4.627034705628377], Velocity: [-0.004456454815133961, 0.03696995971763854, -10.526275905877487]
Position: [-0.12073298336523494, 0.7920866088278304, 93.3905976668986], Rotation: [5.632899765412162, 2.9260087006500552, 4.627034705628377], Velocity: [-0.011258338427309025, 0.08047807311782554, -10.705855488620648]
Position: [-0.12084556674950803, 0.7928913895590087, 93.2825581120124], Rotation: [5.650158535412162, 2.9524697206500554, 4.627034705628377], Velocity: [-0.01806022203948409, 0.12398618651801255, -10.885435071363808]
Position: [-0.12102616896990287, 0.7941312514241888, 93.17272276129876], Rotation: [5.667417305412162, 2.9789307406500556, 4.627034705628377], Velocity: [-0.024862105651659156, 0.16749429991819956, -11.06501465410697]
Position: [-0.12127479002641946, 0.7958061944233709, 93.06109161475769], Rotation: [5.6846760754121615, 3.0053917606500558, 4.627034705628377], Velocity: [-0.03166398926383422, 0.21100241331838657, -11.24459423685013]
Position: [-0.1215914299190578, 0.7979162185565547, 92.94766467238918], Rotation: [5.701934845412161, 3.031852780650056, 4.627034705628377], Velocity: [-0.038465872876009284, 0.25451052671857355, -11.42417381959329]
Position: [-0.12197608864781789, 0.8004613238237405, 92.83244193419324], Rotation: [5.719193615412161, 3.058313800650056, 4.627034705628377], Velocity: [-0.045267756488184346, 0.29801864011876056, -11.603753402336451]
Position: [-0.12242876621269974, 0.803441510224928, 92.71542340016988], Rotation: [5.736452385412161, 3.0847748206500563, 4.627034705628377], Velocity: [-0.05206964010035941, 0.34152675351894757, -11.783332985079612]
Position: [-0.12294946261370333, 0.8068567777601175, 92.59660907031909], Rotation: [5.7537111554121605, 3.1112358406500564, 4.627034705628377], Velocity: [-0.05887152371253447, 0.3850348669191346, -11.962912567822773]
Position: [-0.12353817785082868, 0.8107071264293089, 92.47599894464086], Rotation: [5.77096992541216, 3.1376968606500566, 4.627034705628377], Velocity: [-0.06567340732470954, 0.4285429803193216, -12.142492150565934]
Position: [-0.12419491192407578, 0.8149925562325021, 92.3535930231352], Rotation: [5.78822869541216, 3.1641578806500568, 4.627034705628377], Velocity: [-0.07247529093688461, 0.4720510937195086, -12.322071733309095]
Position: [-0.12491966483344462, 0.8197130671696972, 92.22939130580211], Rotation: [5.80548746541216, 3.190618900650057, 4.627034705628377], Velocity: [-0.07927717454905968, 0.5155592071196956, -12.501651316052255]
Position: [-0.12571243657893522, 0.8248686592408941, 92.10339379264158], Rotation: [5.8227462354121595, 3.217079920650057, 4.627034705628377], Velocity: [-0.08607905816123475, 0.5590673205198826, -12.681230898795416]
Position: [-0.12657322716054756, 0.8304593324460929, 91.97560048365362], Rotation: [5.840005005412159, 3.2435409406500573, 4.627034705628377], Velocity: [-0.09288094177340982, 0.6025754339200696, -12.860810481538577]
Position: [-0.12750203657828166, 0.8364850867852937, 91.84601137883824], Rotation: [5.857263775412159, 3.2700019606500574, 4.627034705628377], Velocity: [-0.09968282538558489, 0.6460835473202566, -13.040390064281738]
Position: [-0.12849886483213752, 0.8429459222584962, 91.71462647819543], Rotation: [5.874522545412159, 3.2964629806500576, 4.627034705628377], Velocity: [-0.10648470899775996, 0.6895916607204436, -13.219969647024898]
Position: [-0.1295637119221151, 0.8498418388657006, 91.58144578172518], Rotation: [5.8917813154121585, 3.3229240006500578, 4.627034705628377], Velocity: [-0.11328659260993502, 0.7330997741206307, -13.39954922976806]
Position: [-0.13069657784821445, 0.8571728366069069, 91.4464692894275], Rotation: [5.909040085412158, 3.349385020650058, 4.627034705628377], Velocity: [-0.1200884762221101, 0.7766078875208177, -13.57912881251122]
Position: [-0.13189746261043556, 0.8649389154821151, 91.30969700130238], Rotation: [5.926298855412158, 3.375846040650058, 4.627034705628377], Velocity: [-0.12689035983428515, 0.8201160009210047, -13.75870839525438]
Position: [-0.13316636620877842, 0.8731400754913251, 91.17112891734983], Rotation: [5.943557625412158, 3.4023070606500583, 4.627034705628377], Velocity: [-0.13369224344646022, 0.8636241143211917, -13.938287977997541]
Position: [-0.134503288643243, 0.881776316634537, 91.03076503756986], Rotation: [5.960816395412158, 3.4287680806500584, 4.627034705628377], Velocity: [-0.1404941270586353, 0.9071322277213787, -14.117867560740702]
Position: [-0.13590822991382936, 0.8908476389117508, 90.88860536196246], Rotation: [5.978075165412157, 3.4552291006500586, 4.627034705628377], Velocity: [-0.14729601067081036, 0.9506403411215657, -14.297447143483863]
Position: [-0.13738119002053747, 0.9003540423229665, 90.74464989052763], Rotation: [5.995333935412157, 3.481690120650059, 4.627034705628377], Velocity: [-0.15409789428298543, 0.9941484545217527, -14.477026726227024]
Position: [-0.13892216896336734, 0.9102955268681839, 90.59889862326536], Rotation: [6.012592705412157, 3.508151140650059, 4.627034705628377], Velocity: [-0.1608997778951605, 1.0376565679219396, -14.656606308970185]
Position: [-0.14053116674231894, 0.9206720925474033, 90.45135156017565], Rotation: [6.029851475412157, 3.534612160650059, 4.627034705628377], Velocity: [-0.16770166150733556, 1.0811646813221265, -14.836185891713345]
Position: [-0.1422081833573923, 0.9314837393606246, 90.30200870125852], Rotation: [6.047110245412156, 3.5610731806500593, 4.627034705628377], Velocity: [-0.17450354511951063, 1.1246727947223134, -15.015765474456506]
Position: [-0.1439532188085874, 0.9427304673078477, 90.15087004651394], Rotation: [6.064369015412156, 3.5875342006500595, 4.627034705628377], Velocity: [-0.1813054287316857, 1.1681809081225003, -15.195345057199667]
Position: [-0.14576627309590426, 0.9544122763890727, 89.99793559594195], Rotation: [6.081627785412156, 3.6139952206500596, 4.627034705628377], Velocity: [-0.18810731234386077, 1.2116890215226872, -15.374924639942828]
Position: [-0.14764734621934286, 0.9665291666042995, 89.84320534954253], Rotation: [6.098886555412156, 3.64045624065006, 4.627034705628377], Velocity: [-0.19490919595603584, 1.255197134922874, -15.554504222685988]
Position: [-0.14959643817890322, 0.9790811379535282, 89.68667930731567], Rotation: [6.116145325412155, 3.66691726065006, 4.627034705628377], Velocity: [-0.2017110795682109, 1.298705248323061, -15.73408380542915]
Position: [-0.15161354897458534, 0.9920681904367589, 89.52835746926138], Rotation: [6.133409845412156, 3.65115417065006, 4.627034705628377], Velocity: [-0.19427021391525687, 1.251288574900889, -15.832448399620604]
Position: [-0.1535562511137379, 1.0045810761857679, 89.36905198526517], Rotation: [6.150674365412156, 3.63539108065006, 4.627034705628377], Velocity: [-0.18682934826230282, 1.2038719014787171, -15.93081299381206]
Position: [-0.15542454459636093, 1.0166197952005551, 89.20876285532705], Rotation: [6.167938885412156, 3.6196279906500597, 4.627034705628377], Velocity: [-0.17938848260934878, 1.1564552280565452, -16.029177588003513]
Position: [-0.15721842942245443, 1.0281843474811205, 89.04749007944702], Rotation: [6.185203405412157, 3.6038649006500596, 4.627034705628377], Velocity: [-0.17194761695639474, 1.1090385546343733, -16.12754218219497]
Position: [-0.15893790559201837, 1.0392747330274643, 88.88523365762507], Rotation: [6.202467925412157, 3.5881018106500595, 4.627034705628377], Velocity: [-0.1645067513034407, 1.0616218812122014, -16.225906776386424]
Position: [-0.1605829731050528, 1.0498909518395863, 88.7219935898612], Rotation: [6.219732445412157, 3.5723387206500594, 4.627034705628377], Velocity: [-0.15706588565048665, 1.0142052077900294, -16.32427137057788]
Position: [-0.16215363196155766, 1.0600330039174866, 88.55776987615542], Rotation: [6.236996965412158, 3.5565756306500593, 4.627034705628377], Velocity: [-0.1496250199975326, 0.9667885343678575, -16.422635964769334]
Position: [-0.16364988216153298, 1.0697008892611652, 88.39256251650772], Rotation: [6.254261485412158, 3.5408125406500592, 4.627034705628377], Velocity: [-0.14218415434457857, 0.9193718609456856, -16.52100055896079]
Position: [-0.16507172370497877, 1.078894607870622, 88.22637151091811], Rotation: [6.271526005412158, 3.525049450650059, 4.627034705628377], Velocity: [-0.13474328869162452, 0.8719551875235136, -16.619365153152245]
Position: [-0.16641915659189502, 1.0876141597458573, 88.05919685938659], Rotation: [6.288790525412159, 3.509286360650059, 4.627034705628377], Velocity: [-0.12730242303867048, 0.8245385141013417, -16.7177297473437]
Position: [-0.1676921808222817, 1.0958595448868707, 87.89103856191315], Rotation: [6.306055045412159, 3.493523270650059, 4.627034705628377], Velocity: [-0.11986155738571644, 0.7771218406791698, -16.816094341535155]
Position: [-0.16889079639613888, 1.1036307632936624, 87.7218966184978], Rotation: [6.3233195654121594, 3.477760180650059, 4.627034705628377], Velocity: [-0.1124206917327624, 0.7297051672569979, -16.91445893572661]
Position: [-0.1700150033134665, 1.1109278149662323, 87.55177102914053], Rotation: [6.34058408541216, 3.461997090650059, 4.627034705628377], Velocity: [-0.10497982607980835, 0.6822884938348259, -17.012823529918066]
Position: [-0.1710648015742646, 1.1177506999045805, 87.38066179384134], Rotation: [6.35784860541216, 3.4462340006500587, 4.627034705628377], Velocity: [-0.09753896042685431, 0.634871820412654, -17.11118812410952]
Position: [-0.17204019117853314, 1.1240994181087072, 87.20856891260024], Rotation: [6.3751131254121605, 3.4304709106500586, 4.627034705628377], Velocity: [-0.09009809477390027, 0.5874551469904821, -17.209552718300976]
Position: [-0.17294117212627214, 1.129973969578612, 87.03549238541723], Rotation: [6.392377645412161, 3.4147078206500585, 4.627034705628377], Velocity: [-0.08265722912094622, 0.5400384735683101, -17.30791731249243]
Position: [-0.1737677444174816, 1.1353743543142951, 86.8614322122923], Rotation: [6.409642165412161, 3.3989447306500584, 4.627034705628377], Velocity: [-0.07521636346799218, 0.4926218001461382, -17.406281906683887]
Position: [-0.17451990805216153, 1.1403005723157564, 86.68638839322546], Rotation: [6.4269066854121615, 3.3831816406500583, 4.627034705628377], Velocity: [-0.06777549781503814, 0.4452051267239663, -17.504646500875342]
Position: [-0.1751976630303119, 1.1447526235829961, 86.5103609282167], Rotation: [6.444171205412162, 3.3674185506500582, 4.627034705628377], Velocity: [-0.0603346321620841, 0.39778845330179435, -17.603011095066798]
Position: [-0.17580100935193274, 1.148730508116014, 86.33334981726603], Rotation: [6.461435725412162, 3.351655460650058, 4.627034705628377], Velocity: [-0.052893766509130066, 0.3503717798796224, -17.701375689258253]
Position: [-0.17632994701702404, 1.1522342259148102, 86.15535506037344], Rotation: [6.4787002454121625, 3.335892370650058, 4.627034705628377], Velocity: [-0.04545290085617603, 0.3029551064574505, -17.799740283449708]
Position: [-0.1767844760255858, 1.1552637769793848, 85.97637665753894], Rotation: [6.495964765412163, 3.320129280650058, 4.627034705628377], Velocity: [-0.038012035203221994, 0.25553843303527857, -17.898104877641163]
Position: [-0.17716459637761803, 1.1578191613097375, 85.79641460876252], Rotation: [6.513229285412163, 3.304366190650058, 4.627034705628377], Velocity: [-0.03057116955026796, 0.2081217596131066, -17.99646947183262]
Position: [-0.1774703080731207, 1.1599003789058686, 85.61546891404419], Rotation: [6.5304938054121635, 3.288603100650058, 4.627034705628377], Velocity: [-0.023130303897313922, 0.16070508619093465, -18.094834066024074]
Position: [-0.17770161111209384, 1.1615074297677779, 85.43353957338394], Rotation: [6.547758325412164, 3.2728400106500577, 4.627034705628377], Velocity: [-0.015689438244359886, 0.1132884127687627, -18.19319866021553]
Position: [-0.17785850549453744, 1.1626403138954655, 85.25062658678178], Rotation: [6.565022845412164, 3.2570769206500576, 4.627034705628377], Velocity: [-0.00824857259140585, 0.06587173934659074, -18.291563254406984]
Position: [-0.1779409912204515, 1.1632990312889315, 85.0667299542377], Rotation: [6.5822873654121645, 3.2413138306500575, 4.627034705628377], Velocity: [-0.0008077069384518146, 0.01845506592441879, -18.38992784859844]
Position: [-0.17794906828983603, 1.1634835819481757, 84.88184967575171], Rotation: [6.599551885412165, 3.2255507406500574, 4.627034705628377], Velocity: [0.006633158714502221, -0.02896160749775316, -18.488292442789895]
Position: [-0.177882736702691, 1.1631939658731982, 84.69598575132382], Rotation: [6.616816405412165, 3.2097876506500573, 4.627034705628377], Velocity: [0.014074024367456257, -0.0763782809199251, -18.58665703698135]
Position: [-0.17774199645901645, 1.162430183063999, 84.50913818095401], Rotation: [6.6340809254121655, 3.1940245606500572, 4.627034705628377], Velocity: [0.021514890020410293, -0.12379495434209706, -18.685021631172805]
Position: [-0.17752684755881235, 1.161192233520578, 84.32130696464229], Rotation: [6.651345445412166, 3.178261470650057, 4.627034705628377], Velocity: [0.02895575567336433, -0.17121162776426901, -18.78338622536426]
Position: [-0.1772372900020787, 1.1594801172429352, 84.13249210238865], Rotation: [6.668609965412166, 3.162498380650057, 4.627034705628377], Velocity: [0.036396621326318365, -0.21862830118644097, -18.881750819555716]
Position: [-0.1768733237888155, 1.1572938342310708, 83.9426935941931], Rotation: [6.685880235412166, 3.1673449506500573, 4.627034705628377], Velocity: [0.03615180612750494, -0.21707406009642613, -18.976862650566837]
Position: [-0.17651180572754047, 1.1551230936301065, 83.75194396768744], Rotation: [6.703150505412166, 3.1721915206500575, 4.627034705628377], Velocity: [0.03590699092869151, -0.2155198190064113, -19.071974481577957]
Position: [-0.17615273581825355, 1.1529678954400424, 83.56024322287166], Rotation: [6.720420775412166, 3.1770380906500577, 4.627034705628377], Velocity: [0.035662175729878086, -0.21396557791639645, -19.167086312589078]
Position: [-0.17579611406095477, 1.1508282396608784, 83.36759135974577], Rotation: [6.737691045412166, 3.181884660650058, 4.627034705628377], Velocity: [0.03541736053106466, -0.2124113368263816, -19.262198143600198]
Position: [-0.17544194045564412, 1.1487041262926145, 83.17398837830977], Rotation: [6.754961315412166, 3.186731230650058, 4.627034705628377], Velocity: [0.03517254533225123, -0.21085709573636677, -19.35730997461132]
Position: [-0.1750902150023216, 1.146595555335251, 82.97943427856366], Rotation: [6.772231585412166, 3.1915778006500584, 4.627034705628377], Velocity: [0.034927730133437807, -0.20930285464635193, -19.45242180562244]
Position: [-0.17474093770098723, 1.1445025267887874, 82.78392906050743], Rotation: [6.789501855412166, 3.1964243706500586, 4.627034705628377], Velocity: [0.03468291493462438, -0.2077486135563371, -19.54753363663356]
Position: [-0.17439410855164098, 1.142425040653224, 82.5874727241411], Rotation: [6.8067721254121665, 3.201270940650059, 4.627034705628377], Velocity: [0.034438099735810954, -0.20619437246632225, -19.64264546764468]
Position: [-0.17404972755428286, 1.1403630969285607, 82.39006526946464], Rotation: [6.8240423954121665, 3.206117510650059, 4.627034705628377], Velocity: [0.03419328453699753, -0.2046401313763074, -19.7377572986558]
Position: [-0.17370779470891287, 1.1383166956147976, 82.19170669647808], Rotation: [6.8413126654121665, 3.2109640806500592, 4.627034705628377], Velocity: [0.0339484693381841, -0.20308589028629256, -19.83286912966692]
Position: [-0.17336831001553102, 1.1362858367119346, 81.9923970051814], Rotation: [6.858582935412167, 3.2158106506500594, 4.627034705628377], Velocity: [0.033703654139370674, -0.20153164919627772, -19.927980960678042]
Position: [-0.1730312734741373, 1.1342705202199719, 81.79213619557463], Rotation: [6.875853205412167, 3.2206572206500597, 4.627034705628377], Velocity: [0.03345883894055725, -0.19997740810626288, -20.023092791689162]
Position: [-0.17269668508473174, 1.1322707461389092, 81.59092426765774], Rotation: [6.893123475412167, 3.22550379065006, 4.627034705628377], Velocity: [0.03321402374174382, -0.19842316701624804, -20.118204622700283]
Position: [-0.1723645448473143, 1.1302865144687468, 81.38876122143074], Rotation: [6.910393745412167, 3.23035036065006, 4.627034705628377], Velocity: [0.032969208542930395, -0.1968689259262332, -20.213316453711403]
Position: [-0.17203485276188502, 1.1283178252094845, 81.18564705689363], Rotation: [6.927664015412167, 3.2351969306500603, 4.627034705628377], Velocity: [0.03272439334411697, -0.19531468483621836, -20.308428284722524]
Position: [-0.17170760882844385, 1.1263646783611223, 80.9815817740464], Rotation: [6.944934285412167, 3.2400435006500605, 4.627034705628377], Velocity: [0.03247957814530354, -0.19376044374620352, -20.403540115733644]
Position: [-0.17138281304699082, 1.1244270739236604, 80.77656537288907], Rotation: [6.962204555412167, 3.2448900706500607, 4.627034705628377], Velocity: [0.032234762946490116, -0.19220620265618868, -20.498651946744765]
Position: [-0.17106046541752593, 1.1225050118970985, 80.57059785342162], Rotation: [6.979474825412167, 3.249736640650061, 4.627034705628377], Velocity: [0.03198994774767669, -0.19065196156617384, -20.593763777755886]
Position: [-0.17074056594004916, 1.1205984922814367, 80.36367921564405], Rotation: [6.996745095412167, 3.254583210650061, 4.627034705628377], Velocity: [0.03174513254886326, -0.189097720476159, -20.688875608767006]
Position: [-0.17042311461456053, 1.1187075150766752, 80.15580945955638], Rotation: [7.014015365412167, 3.2594297806500614, 4.627034705628377], Velocity: [0.031500317350049836, -0.18754347938614416, -20.783987439778127]
Position: [-0.17010811144106003, 1.1168320802828138, 79.94698858515859], Rotation: [7.031285635412167, 3.2642763506500616, 4.627034705628377], Velocity: [0.03125550215123641, -0.18598923829612932, -20.879099270789247]
Position: [-0.16979555641954766, 1.1149721878998524, 79.73721659245071], Rotation: [7.048555905412167, 3.269122920650062, 4.627034705628377], Velocity: [0.03101068695242298, -0.18443499720611448, -20.974211101800368]
Position: [-0.16948544955002343, 1.1131278379277914, 79.52649348143271], Rotation: [7.065826175412167, 3.273969490650062, 4.627034705628377], Velocity: [0.03076587175360955, -0.18288075611609964, -21.069322932811488]
Position: [-0.16917779083248732, 1.1112990303666304, 79.3148192521046], Rotation: [7.083096445412167, 3.2788160606500623, 4.627034705628377], Velocity: [0.03052105655479612, -0.1813265150260848, -21.16443476382261]
Position: [-0.16887258026693935, 1.1094857652163694, 79.10219390446638], Rotation: [7.100366715412167, 3.2836626306500625, 4.627034705628377], Velocity: [0.03027624135598269, -0.17977227393606995, -21.25954659483373]
Position: [-0.16856981785337952, 1.1076880424770088, 78.88861743851804], Rotation: [7.117636985412167, 3.2885092006500627, 4.627034705628377], Velocity: [0.03003142615716926, -0.1782180328460551, -21.35465842584485]
Position: [-0.1682695035918078, 1.1059058621485482, 78.67408985425959], Rotation: [7.134907255412167, 3.293355770650063, 4.627034705628377], Velocity: [0.02978661095835583, -0.17666379175604027, -21.44977025685597]
Position: [-0.16797163748222427, 1.1041392242309878, 78.45861115169103], Rotation: [7.152177525412167, 3.298202340650063, 4.627034705628377], Velocity: [0.0295417957595424, -0.17510955066602543, -21.54488208786709]
Position: [-0.16767621952462886, 1.1023881287243276, 78.24218133081236], Rotation: [7.169447795412167, 3.3030489106500633, 4.627034705628377], Velocity: [0.02929698056072897, -0.1735553095760106, -21.63999391887821]
Position: [-0.16738324971902158, 1.1006525756285674, 78.02480039162357], Rotation: [7.186718065412167, 3.3078954806500636, 4.627034705628377], Velocity: [0.02905216536191554, -0.17200106848599575, -21.735105749889332]
Position: [-0.16709272806540243, 1.0989325649437074, 77.80646833412467], Rotation: [7.203988335412167, 3.3127420506500638, 4.627034705628377], Velocity: [0.02880735016310211, -0.1704468273959809, -21.830217580900452]
Position: [-0.16680465456377142, 1.0972280966697476, 77.58718515831566], Rotation: [7.221258605412167, 3.317588620650064, 4.627034705628377], Velocity: [0.02856253496428868, -0.16889258630596607, -21.925329411911573]
Position: [-0.16651902921412853, 1.095539170806688, 77.36695086419655], Rotation: [7.238536545412167, 3.343046770650064, 4.627034705628377], Velocity: [0.02357378195490277, -0.13737812271620523, -22.070492760314806]
Position: [-0.1662832913945795, 1.0941653895795258, 77.1452649365934], Rotation: [7.2558144854121664, 3.368504920650064, 4.627034705628377], Velocity: [0.018585028945516863, -0.10586365912644438, -22.21565610871804]
Position: [-0.16609744110512434, 1.0931067529882614, 76.92212737550622], Rotation: [7.273092425412166, 3.393963070650064, 4.627034705628377], Velocity: [0.013596275936130954, -0.07434919553668354, -22.360819457121274]
Position: [-0.16596147834576302, 1.0923632610328946, 76.69753818093501], Rotation: [7.290370365412166, 3.419421220650064, 4.627034705628377], Velocity: [0.008607522926745045, -0.0428347319469227, -22.505982805524507]
Position: [-0.16587540311649557, 1.0919349137134253, 76.47149735287977], Rotation: [7.307648305412165, 3.4448793706500638, 4.627034705628377], Velocity: [0.0036187699173591357, -0.011320268357161864, -22.65114615392774]
Position: [-0.16583921541732197, 1.0918217110298538, 76.2440048913405], Rotation: [7.324926245412165, 3.4703375206500637, 4.627034705628377], Velocity: [-0.0013699830920267733, 0.020194195232598973, -22.796309502330974]
Position: [-0.16585291524824222, 1.0920236529821798, 76.01506079631719], Rotation: [7.3422041854121645, 3.4957956706500637, 4.627034705628377], Velocity: [-0.006358736101412682, 0.05170865882235981, -22.941472850734208]
Position: [-0.16591650260925636, 1.0925407395704034, 75.78466506780984], Rotation: [7.359482125412164, 3.5212538206500636, 4.627034705628377], Velocity: [-0.011347489110798591, 0.08322312241212065, -23.08663619913744]
Position: [-0.16602997750036436, 1.0933729707945246, 75.55281770581847], Rotation: [7.376760065412164, 3.5467119706500636, 4.627034705628377], Velocity: [-0.016336242120184502, 0.1147375860018815, -23.231799547540675]
Position: [-0.1661933399215662, 1.0945203466545435, 75.31951871034306], Rotation: [7.394038005412163, 3.5721701206500636, 4.627034705628377], Velocity: [-0.02132499512957041, 0.14625204959164234, -23.376962895943908]
Position: [-0.16640658987286192, 1.09598286715046, 75.08476808138363], Rotation: [7.411315945412163, 3.5976282706500635, 4.627034705628377], Velocity: [-0.026313748138956317, 0.17776651318140319, -23.52212624434714]
Position: [-0.16666972735425148, 1.0977605322822739, 74.84856581894016], Rotation: [7.4285938854121625, 3.6230864206500635, 4.627034705628377], Velocity: [-0.031302501148342224, 0.20928097677116403, -23.667289592750375]
Position: [-0.1669827523657349, 1.0998533420499854, 74.61091192301265], Rotation: [7.445871825412162, 3.6485445706500634, 4.627034705628377], Velocity: [-0.03629125415772813, 0.24079544036092487, -23.81245294115361]
Position: [-0.16734566490731217, 1.1022612964535947, 74.37180639360112], Rotation: [7.463149765412162, 3.6740027206500634, 4.627034705628377], Velocity: [-0.04128000716711404, 0.2723099039506857, -23.957616289556842]
Position: [-0.1677584649789833, 1.1049843954931016, 74.13124923070555], Rotation: [7.480427705412161, 3.6994608706500633, 4.627034705628377], Velocity: [-0.046268760176499946, 0.30382436754044656, -24.102779637960076]
Position: [-0.1682211525807483, 1.108022639168506, 73.88924043432594], Rotation: [7.497705645412161, 3.7249190206500633, 4.627034705628377], Velocity: [-0.05125751318588585, 0.3353388311302074, -24.24794298636331]
Position: [-0.16873372771260717, 1.1113760274798081, 73.64578000446231], Rotation: [7.5149835854121605, 3.7503771706500633, 4.627034705628377], Velocity: [-0.05624626619527176, 0.36685329471996825, -24.393106334766543]
Position: [-0.1692961903745599, 1.1150445604270078, 73.40086794111464], Rotation: [7.53226152541216, 3.775835320650063, 4.627034705628377], Velocity: [-0.06123501920465767, 0.3983677583097291, -24.538269683169776]
Position: [-0.16990854056660648, 1.119028238010105, 73.15450424428295], Rotation: [7.54953946541216, 3.801293470650063, 4.627034705628377], Velocity: [-0.06622377221404357, 0.42988222189948994, -24.68343303157301]
Position: [-0.17057077828874692, 1.1233270602291, 72.90668891396722], Rotation: [7.566817405412159, 3.826751620650063, 4.627034705628377], Velocity: [-0.07121252522342948, 0.4613966854892508, -24.828596379976243]
Position: [-0.17128290354098122, 1.1279410270839925, 72.65742195016745], Rotation: [7.584095345412159, 3.852209770650063, 4.627034705628377], Velocity: [-0.07620127823281539, 0.4929111490790116, -24.973759728379477]
Position: [-0.17204491632330937, 1.1328701385747826, 72.40670335288365], Rotation: [7.6013732854121585, 3.877667920650063, 4.627034705628377], Velocity: [-0.0811900312422013, 0.5244256126687724, -25.11892307678271]
Position: [-0.17285681663573138, 1.1381143947014702, 72.15453312211582], Rotation: [7.618651225412158, 3.903126070650063, 4.627034705628377], Velocity: [-0.0861787842515872, 0.5559400762585333, -25.264086425185944]
Position: [-0.17371860447824725, 1.1436737954640557, 71.90091125786397], Rotation: [7.635929165412158, 3.928584220650063, 4.627034705628377], Velocity: [-0.09116753726097311, 0.5874545398482941, -25.409249773589178]
Position: [-0.17463027985085697, 1.1495483408625387, 71.64583776012807], Rotation: [7.653207105412157, 3.954042370650063, 4.627034705628377], Velocity: [-0.09615629027035902, 0.6189690034380549, -25.55441312199241]
Position: [-0.17559184275356055, 1.1557380308969192, 71.38931262890814], Rotation: [7.670485045412157, 3.979500520650063, 4.627034705628377], Velocity: [-0.10114504327974493, 0.6504834670278158, -25.699576470395645]
Position: [-0.176603293186358, 1.1622428655671972, 71.13133586420419], Rotation: [7.6877629854121565, 4.004958670650063, 4.627034705628377], Velocity: [-0.10613379628913083, 0.6819979306175766, -25.844739818798878]
Position: [-0.17766463114924932, 1.169062844873373, 70.8719074660162], Rotation: [7.705040925412156, 4.030416820650063, 4.627034705628377], Velocity: [-0.11112254929851674, 0.7135123942073375, -25.98990316720211]
Position: [-0.1787758566422345, 1.1761979688154465, 70.61102743434418], Rotation: [7.722318865412156, 4.055874970650064, 4.627034705628377], Velocity: [-0.11611130230790265, 0.7450268577970983, -26.135066515605345]
Position: [-0.17993696966531353, 1.1836482373934174, 70.34869576918813], Rotation: [7.739596805412155, 4.081333120650064, 4.627034705628377], Velocity: [-0.12110005531728855, 0.7765413213868592, -26.28022986400858]
Position: [-0.18114797021848641, 1.191413650607286, 70.08491247054803], Rotation: [7.756874745412155, 4.106791270650064, 4.627034705628377], Velocity: [-0.12608880832667446, 0.80805578497662, -26.425393212411812]
Position: [-0.18240885830175316, 1.1994942084570523, 69.81967753842392], Rotation: [7.774158445412155, 4.090025310650065, 4.627034705628377], Velocity: [-0.12417898090387389, 0.7960360452908162, -26.524785675591392]
Position: [-0.1836506481107919, 1.2074545689099605, 69.553448681668], Rotation: [7.791442145412155, 4.073259350650065, 4.627034705628377], Velocity: [-0.12226915348107331, 0.7840163056050123, -26.624178138770972]
Position: [-0.18487333964560262, 1.2152947319660106, 69.28622590028029], Rotation: [7.808725845412155, 4.056493390650065, 4.627034705628377], Velocity: [-0.12035932605827274, 0.7719965659192085, -26.723570601950552]
Position: [-0.18607693290618535, 1.2230146976252025, 69.01800919426078], Rotation: [7.826009545412155, 4.039727430650065, 4.627034705628377], Velocity: [-0.11844949863547216, 0.7599768262334047, -26.822963065130132]
Position: [-0.18726142789254008, 1.2306144658875366, 68.74879856360948], Rotation: [7.843293245412156, 4.022961470650065, 4.627034705628377], Velocity: [-0.11653967121267159, 0.7479570865476008, -26.922355528309712]
Position: [-0.18842682460466678, 1.2380940367530127, 68.47859400832638], Rotation: [7.860576945412156, 4.006195510650065, 4.627034705628377], Velocity: [-0.11462984378987101, 0.735937346861797, -27.021747991489292]
Position: [-0.1895731230425655, 1.2454534102216306, 68.2073955284115], Rotation: [7.877860645412156, 3.9894295506500654, 4.627034705628377], Velocity: [-0.11272001636707044, 0.7239176071759932, -27.121140454668872]
Position: [-0.1907003232062362, 1.2526925862933904, 67.93520312386481], Rotation: [7.895144345412156, 3.9726635906500656, 4.627034705628377], Velocity: [-0.11081018894426986, 0.7118978674901894, -27.220532917848452]
Position: [-0.19180842509567889, 1.2598115649682924, 67.66201679468632], Rotation: [7.912428045412156, 3.9558976306500657, 4.627034705628377], Velocity: [-0.10890036152146929, 0.6998781278043855, -27.319925381028032]
Position: [-0.19289742871089358, 1.2668103462463363, 67.38783654087604], Rotation: [7.929711745412156, 3.939131670650066, 4.627034705628377], Velocity: [-0.10699053409866871, 0.6878583881185817, -27.41931784420761]
Position: [-0.19396733405188027, 1.273688930127522, 67.11266236243397], Rotation: [7.946995445412156, 3.922365710650066, 4.627034705628377], Velocity: [-0.10508070667586814, 0.6758386484327779, -27.51871030738719]
Position: [-0.19501814111863894, 1.2804473166118497, 66.8364942593601], Rotation: [7.964279145412156, 3.905599750650066, 4.627034705628377], Velocity: [-0.10317087925306756, 0.663818908746974, -27.61810277056677]
Position: [-0.1960498499111696, 1.2870855056993196, 66.55933223165442], Rotation: [7.9815628454121565, 3.8888337906500663, 4.627034705628377], Velocity: [-0.10126105183026698, 0.6517991690611702, -27.71749523374635]
Position: [-0.19706246042947229, 1.2936034973899313, 66.28117627931697], Rotation: [7.998846545412157, 3.8720678306500664, 4.627034705628377], Velocity: [-0.09935122440746641, 0.6397794293753664, -27.81688769692593]
Position: [-0.19805597267354694, 1.300001291683685, 66.00202640234771], Rotation: [8.016130245412157, 3.8553018706500666, 4.627034705628377], Velocity: [-0.09744139698466583, 0.6277596896895625, -27.91628016010551]
Position: [-0.1990303866433936, 1.3062788885805805, 65.72188260074665], Rotation: [8.033413945412157, 3.8385359106500667, 4.627034705628377], Velocity: [-0.09553156956186526, 0.6157399500037587, -28.01567262328509]
Position: [-0.19998570233901225, 1.3124362880806182, 65.4407448745138], Rotation: [8.050697645412157, 3.821769950650067, 4.627034705628377], Velocity: [-0.09362174213906468, 0.6037202103179549, -28.11506508646467]
Position: [-0.20092191976040288, 1.3184734901837978, 65.15861322364916], Rotation: [8.067981345412157, 3.805003990650067, 4.627034705628377], Velocity: [-0.09171191471626411, 0.591700470632151, -28.21445754964425]
Position: [-0.20183903890756552, 1.3243904948901193, 64.87548764815271], Rotation: [8.085265045412157, 3.788238030650067, 4.627034705628377], Velocity: [-0.08980208729346353, 0.5796807309463472, -28.31385001282383]
Position: [-0.20273705978050016, 1.3301873021995827, 64.59136814802447], Rotation: [8.102548745412157, 3.7714720706500673, 4.627034705628377], Velocity: [-0.08789225987066296, 0.5676609912605434, -28.41324247600341]
Position: [-0.20361598237920678, 1.335863912112188, 64.30625472326444], Rotation: [8.119832445412158, 3.7547061106500674, 4.627034705628377], Velocity: [-0.08598243244786238, 0.5556412515747395, -28.51263493918299]
Position: [-0.2044758067036854, 1.3414203246279355, 64.02014737387262], Rotation: [8.137116145412158, 3.7379401506500676, 4.627034705628377], Velocity: [-0.08407260502506181, 0.5436215118889357, -28.61202740236257]
Position: [-0.20531653275393602, 1.3468565397468248, 63.73304609984899], Rotation: [8.154399845412158, 3.7211741906500677, 4.627034705628377], Velocity: [-0.08216277760226123, 0.5316017722031319, -28.71141986554215]
Position: [-0.20613816052995862, 1.3521725574688561, 63.44495090119357], Rotation: [8.171683545412158, 3.704408230650068, 4.627034705628377], Velocity: [-0.08025295017946066, 0.519582032517328, -28.81081232872173]
Position: [-0.20694069003175322, 1.3573683777940293, 63.15586177790635], Rotation: [8.188967245412158, 3.687642270650068, 4.627034705628377], Velocity: [-0.07834312275666008, 0.5075622928315242, -28.91020479190131]
Position: [-0.20772412125931983, 1.3624440007223446, 62.86577872998734], Rotation: [8.206250945412158, 3.670876310650068, 4.627034705628377], Velocity: [-0.07643329533385951, 0.4955425531457204, -29.00959725508089]
Position: [-0.20848845421265844, 1.3673994262538018, 62.57470175743653], Rotation: [8.223534645412158, 3.6541103506500683, 4.627034705628377], Velocity: [-0.07452346791105893, 0.48352281345991655, -29.10898971826047]
Position: [-0.20923368889176902, 1.372234654388401, 62.282630860253924], Rotation: [8.240818345412158, 3.6373443906500684, 4.627034705628377], Velocity: [-0.07261364048825836, 0.4715030737741127, -29.20838218144005]
Position: [-0.2099598252966516, 1.376949685126142, 61.98956603843953], Rotation: [8.258102045412159, 3.6205784306500686, 4.627034705628377], Velocity: [-0.07070381306545778, 0.4594833340883089, -29.30777464461963]
Position: [-0.2106668634273062, 1.3815445184670252, 61.69550729199333], Rotation: [8.275385745412159, 3.6038124706500687, 4.627034705628377], Velocity: [-0.06879398564265721, 0.44746359440250505, -29.40716710779921]
Position: [-0.21135480328373277, 1.3860191544110503, 61.40045462091534], Rotation: [8.292669445412159, 3.587046510650069, 4.627034705628377], Velocity: [-0.06688415821985663, 0.4354438547167012, -29.50655957097879]
Position: [-0.21202364486593134, 1.3903735929582173, 61.10440802520555], Rotation: [8.309953145412159, 3.570280550650069, 4.627034705628377], Velocity: [-0.06497433079705606, 0.4234241150308974, -29.60595203415837]
Position: [-0.2126733881739019, 1.3946078341085262, 60.80736750486397], Rotation: [8.327242595412159, 3.574126170650069, 4.627034705628377], Velocity: [-0.06885752047930946, 0.4477731110647021, -29.643128002907613]
Position: [-0.213361963378695, 1.3990855652191732, 60.50995522483489], Rotation: [8.344532045412159, 3.5779717906500688, 4.627034705628377], Velocity: [-0.07274071016156286, 0.47212210709850677, -29.680303971656855]
Position: [-0.21408937048031063, 1.4038067862901582, 60.21217118511832], Rotation: [8.361821495412158, 3.5818174106500686, 4.627034705628377], Velocity: [-0.07662389984381626, 0.49647110313231146, -29.717479940406097]
Position: [-0.2148556094787488, 1.4087714973214813, 59.91401538571426], Rotation: [8.379110945412158, 3.5856630306500685, 4.627034705628377], Velocity: [-0.08050708952606966, 0.5208200991661162, -29.75465590915534]
Position: [-0.21566068037400948, 1.4139796983131425, 59.615487826622704], Rotation: [8.396400395412158, 3.5895086506500684, 4.627034705628377], Velocity: [-0.08439027920832307, 0.5451690951999209, -29.79183187790458]
Position: [-0.21650458316609272, 1.4194313892651418, 59.31658850784366], Rotation: [8.413689845412158, 3.5933542706500683, 4.627034705628377], Velocity: [-0.08827346889057647, 0.5695180912337255, -29.829007846653823]
Position: [-0.21738731785499849, 1.4251265701774791, 59.01731742937712], Rotation: [8.430979295412158, 3.597199890650068, 4.627034705628377], Velocity: [-0.09215665857282987, 0.5938670872675302, -29.866183815403065]
Position: [-0.2183088844407268, 1.4310652410501545, 58.717674591223094], Rotation: [8.448268745412157, 3.601045510650068, 4.627034705628377], Velocity: [-0.09603984825508327, 0.6182160833013349, -29.903359784152308]
Position: [-0.21926928292327763, 1.4372474018831678, 58.41765999338157], Rotation: [8.465558195412157, 3.604891130650068, 4.627034705628377], Velocity: [-0.09992303793733667, 0.6425650793351396, -29.94053575290155]
Position: [-0.220268513302651, 1.4436730526765191, 58.117273635852555], Rotation: [8.482847645412157, 3.608736750650068, 4.627034705628377], Velocity: [-0.10380622761959007, 0.6669140753689443, -29.977711721650792]
Position: [-0.2213065755788469, 1.4503421934302085, 57.816515518636045], Rotation: [8.500137095412157, 3.6125823706500677, 4.627034705628377], Velocity: [-0.10768941730184348, 0.691263071402749, -30.014887690400034]
Position: [-0.22238346975186532, 1.457254824144236, 57.515385641732045], Rotation: [8.517426545412157, 3.6164279906500676, 4.627034705628377], Velocity: [-0.11157260698409688, 0.7156120674365537, -30.052063659149276]
Position: [-0.2234991958217063, 1.4644109448186016, 57.21388400514055], Rotation: [8.534715995412157, 3.6202736106500675, 4.627034705628377], Velocity: [-0.11545579666635028, 0.7399610634703584, -30.089239627898518]
Position: [-0.2246537537883698, 1.4718105554533052, 56.912010608861564], Rotation: [8.552005445412156, 3.6241192306500674, 4.627034705628377], Velocity: [-0.11933898634860368, 0.7643100595041631, -30.12641559664776]
Position: [-0.22584714365185585, 1.4794536560483469, 56.60976545289509], Rotation: [8.569294895412156, 3.6279648506500672, 4.627034705628377], Velocity: [-0.12322217603085708, 0.7886590555379678, -30.163591565397002]
Position: [-0.22707936541216442, 1.4873402466037267, 56.30714853724112], Rotation: [8.586584345412156, 3.631810470650067, 4.627034705628377], Velocity: [-0.12710536571311049, 0.8130080515717725, -30.200767534146244]
Position: [-0.2283504190692955, 1.4954703271194443, 56.00415986189966], Rotation: [8.603873795412156, 3.635656090650067, 4.627034705628377], Velocity: [-0.1309885553953639, 0.8373570476055772, -30.237943502895487]
Position: [-0.22966030462324916, 1.5038438975955, 55.7007994268707], Rotation: [8.621163245412156, 3.639501710650067, 4.627034705628377], Velocity: [-0.1348717450776173, 0.8617060436393819, -30.27511947164473]
Position: [-0.23100902207402532, 1.5124609580318937, 55.39706723215426], Rotation: [8.638452695412155, 3.6433473306500668, 4.627034705628377], Velocity: [-0.1387549347598707, 0.8860550396731866, -30.31229544039397]
Position: [-0.23239657142162404, 1.5213215084286256, 55.092963277750314], Rotation: [8.655742145412155, 3.6471929506500667, 4.627034705628377], Velocity: [-0.1426381244421241, 0.9104040357069912, -30.349471409143213]
Position: [-0.23382295266604528, 1.5304255487856955, 54.78848756365888], Rotation: [8.673031595412155, 3.6510385706500665, 4.627034705628377], Velocity: [-0.1465213141243775, 0.9347530317407959, -30.386647377892455]
Position: [-0.23528816580728906, 1.5397730791031035, 54.483640089879955], Rotation: [8.690321045412155, 3.6548841906500664, 4.627034705628377], Velocity: [-0.1504045038066309, 0.9591020277746006, -30.423823346641697]
Position: [-0.23679221084535537, 1.5493640993808495, 54.17842085641354], Rotation: [8.707610495412155, 3.6587298106500663, 4.627034705628377], Velocity: [-0.1542876934888843, 0.9834510238084053, -30.46099931539094]
Position: [-0.2383350877802442, 1.5591986096189336, 53.87282986325963], Rotation: [8.724899945412155, 3.662575430650066, 4.627034705628377], Velocity: [-0.1581708831711377, 1.0078000198422101, -30.49817528414018]
Position: [-0.23991679661195559, 1.5692766098173558, 53.56686711041823], Rotation: [8.742189395412154, 3.666421050650066, 4.627034705628377], Velocity: [-0.1620540728533911, 1.032149015876015, -30.535351252889424]
Position: [-0.2415373373404895, 1.5795980999761159, 53.26053259788934], Rotation: [8.759478845412154, 3.670266670650066, 4.627034705628377], Velocity: [-0.1659372625356445, 1.0564980119098197, -30.572527221638666]
Position: [-0.24319670996584594, 1.590163080095214, 52.95382632567295], Rotation: [8.776768295412154, 3.674112290650066, 4.627034705628377], Velocity: [-0.1698204522178979, 1.0808470079436245, -30.609703190387908]
Position: [-0.24489491448802492, 1.6009715501746502, 52.64674829376907], Rotation: [8.794057745412154, 3.6779579106500657, 4.627034705628377], Velocity: [-0.1737036419001513, 1.1051960039774293, -30.64687915913715]
Position: [-0.24663195090702644, 1.6120235102144245, 52.3392985021777], Rotation: [8.811347195412154, 3.6818035306500656, 4.627034705628377], Velocity: [-0.1775868315824047, 1.1295450000112341, -30.684055127886392]
Position: [-0.2484078192228505, 1.6233189602145368, 52.031476950898835], Rotation: [8.828636645412153, 3.6856491506500655, 4.627034705628377], Velocity: [-0.1814700212646581, 1.153893996045039, -30.721231096635634]
Position: [-0.25022251943549706, 1.6348579001749872, 51.723283639932475], Rotation: [8.845926095412153, 3.6894947706500654, 4.627034705628377], Velocity: [-0.1853532109469115, 1.1782429920788438, -30.758407065384876]
Position: [-0.25207605154496615, 1.6466403300957757, 51.41471856927863], Rotation: [8.863215545412153, 3.6933403906500653, 4.627034705628377], Velocity: [-0.1892364006291649, 1.2025919881126486, -30.79558303413412]
Position: [-0.2539684155512578, 1.6586662499769023, 51.10578173893729], Rotation: [8.880512665412153, 3.7177956706500654, 4.627034705628377], Velocity: [-0.19137777462235303, 1.2159532715232864, -30.90987745955456]
Position: [-0.25588219329748135, 1.670825782692135, 50.795701964341745], Rotation: [8.897809785412154, 3.7422509506500656, 4.627034705628377], Velocity: [-0.19351914861554115, 1.2293145549339242, -31.024171884975004]
Position: [-0.25781738478363675, 1.6831189282414742, 50.484479245492], Rotation: [8.915106905412154, 3.766706230650066, 4.627034705628377], Velocity: [-0.19566052260872926, 1.242675838344562, -31.138466310395447]
Position: [-0.25977399000972407, 1.69554568662492, 50.17211358238804], Rotation: [8.932404025412154, 3.791161510650066, 4.627034705628377], Velocity: [-0.19780189660191738, 1.2560371217551998, -31.25276073581589]
Position: [-0.26175200897574324, 1.7081060578424718, 49.858604975029884], Rotation: [8.949701145412154, 3.815616790650066, 4.627034705628377], Velocity: [-0.1999432705951055, 1.2693984051658376, -31.367055161236333]
Position: [-0.2637514416816943, 1.7208000418941303, 49.54395342341752], Rotation: [8.966998265412155, 3.8400720706500664, 4.627034705628377], Velocity: [-0.20208464458829362, 1.2827596885764754, -31.481349586656776]
Position: [-0.26577228812757725, 1.733627638779895, 49.22815892755095], Rotation: [8.984295385412155, 3.8645273506500666, 4.627034705628377], Velocity: [-0.20422601858148173, 1.2961209719871132, -31.59564401207722]
Position: [-0.2678145483133921, 1.746588848499766, 48.911221487430176], Rotation: [9.001592505412155, 3.8889826306500668, 4.627034705628377], Velocity: [-0.20636739257466985, 1.309482255397751, -31.709938437497662]
Position: [-0.26987822223913877, 1.7596836710537436, 48.593141103055196], Rotation: [9.018889625412156, 3.913437910650067, 4.627034705628377], Velocity: [-0.20850876656785797, 1.3228435388083888, -31.824232862918105]
Position: [-0.2719633099048173, 1.7729121064418274, 48.27391777442602], Rotation: [9.036186745412156, 3.937893190650067, 4.627034705628377], Velocity: [-0.21065014056104608, 1.3362048222190266, -31.93852728833855]
Position: [-0.2740698113104278, 1.7862741546640177, 47.953551501542634], Rotation: [9.053483865412156, 3.9623484706500673, 4.627034705628377], Velocity: [-0.2127915145542342, 1.3495661056296644, -32.052821713758995]
Position: [-0.2761977264559701, 1.7997698157203144, 47.632042284405046], Rotation: [9.070780985412156, 3.9868037506500675, 4.627034705628377], Velocity: [-0.21493288854742232, 1.3629273890403022, -32.16711613917944]
Position: [-0.2783470553414443, 1.8133990896107173, 47.30939012301325], Rotation: [9.088078105412157, 4.011259030650067, 4.627034705628377], Velocity: [-0.21707426254061044, 1.37628867245094, -32.28141056459989]
Position: [-0.28051779796685045, 1.8271619763352267, 46.98559501736725], Rotation: [9.105375225412157, 4.035714310650067, 4.627034705628377], Velocity: [-0.21921563653379855, 1.3896499558615778, -32.395704990020334]
Position: [-0.28270995433218843, 1.8410584758938424, 46.66065696746705], Rotation: [9.122672345412157, 4.060169590650067, 4.627034705628377], Velocity: [-0.22135701052698667, 1.4030112392722156, -32.50999941544078]
Position: [-0.2849235244374583, 1.8550885882865646, 46.33457597331264], Rotation: [9.139969465412157, 4.0846248706500665, 4.627034705628377], Velocity: [-0.2234983845201748, 1.4163725226828534, -32.62429384086123]
Position: [-0.28715850828266004, 1.8692523135133932, 46.007352034904024], Rotation: [9.157266585412158, 4.109080150650066, 4.627034705628377], Velocity: [-0.2256397585133629, 1.4297338060934912, -32.738588266281674]
Position: [-0.28941490586779367, 1.883549651574328, 45.678985152241204], Rotation: [9.174563705412158, 4.133535430650066, 4.627034705628377], Velocity: [-0.22778113250655102, 1.443095089504129, -32.85288269170212]
Position: [-0.29169271719285916, 1.8979806024693693, 45.349475325324185], Rotation: [9.191860825412158, 4.157990710650066, 4.627034705628377], Velocity: [-0.22992250649973914, 1.4564563729147668, -32.96717711712257]
Position: [-0.2939919422578566, 1.9125451661985169, 45.01882255415296], Rotation: [9.209157945412159, 4.1824459906500655, 4.627034705628377], Velocity: [-0.23206388049292725, 1.4698176563254046, -33.081471542543014]
Position: [-0.29631258106278585, 1.927243342761771, 44.68702683872753], Rotation: [9.226455065412159, 4.206901270650065, 4.627034705628377], Velocity: [-0.23420525448611537, 1.4831789397360424, -33.19576596796346]
Position: [-0.298654633607647, 1.9420751321591314, 44.3540881790479], Rotation: [9.24375218541216, 4.231356550650065, 4.627034705628377], Velocity: [-0.2363466284793035, 1.4965402231466802, -33.31006039338391]
Position: [-0.30101809989244005, 1.957040534390598, 44.02000657511406], Rotation: [9.26104930541216, 4.255811830650065, 4.627034705628377], Velocity: [-0.2384880024724916, 1.509901506557318, -33.42435481880435]
Position: [-0.30340297991716497, 1.9721395494561713, 43.684782026926015], Rotation: [9.27834642541216, 4.2802671106500645, 4.627034705628377], Velocity: [-0.24062937646567972, 1.5232627899679558, -33.5386492442248]
Position: [-0.30580927368182176, 1.9873721773558508, 43.348414534483766], Rotation: [9.29564354541216, 4.304722390650064, 4.627034705628377], Velocity: [-0.24277075045886784, 1.5366240733785936, -33.652943669645246]
Position: [-0.30823698118641046, 2.0027384180896366, 43.01090409778731], Rotation: [9.31294066541216, 4.329177670650064, 4.627034705628377], Velocity: [-0.24491212445205596, 1.5499853567892314, -33.76723809506569]
Position: [-0.31068610243093103, 2.018238271657529, 42.67225071683665], Rotation: [9.33023778541216, 4.353632950650064, 4.627034705628377], Velocity: [-0.24705349844524407, 1.5633466401998692, -33.88153252048614]
Position: [-0.31315663741538347, 2.0338717380595277, 42.33245439163179], Rotation: [9.34753490541216, 4.3780882306500635, 4.627034705628377], Velocity: [-0.2491948724384322, 1.576707923610507, -33.995826945906586]
Position: [-0.31564858613976776, 2.049638817295633, 41.99151512217273], Rotation: [9.364832025412161, 4.402543510650063, 4.627034705628377], Velocity: [-0.2513362464316203, 1.5900692070211448, -34.11012137132703]
Position: [-0.318161948604084, 2.0655395093658444, 41.64943290845946], Rotation: [9.382129145412161, 4.426998790650063, 4.627034705628377], Velocity: [-0.25347762042480837, 1.6034304904317827, -34.22441579674748]
Position: [-0.32069672480833206, 2.081573814270162, 41.306207750491986], Rotation: [9.399426265412162, 4.451454070650063, 4.627034705628377], Velocity: [-0.25561899441799646, 1.6167917738424205, -34.338710222167926]
Position: [-0.323252914752512, 2.0977417320085863, 40.961839648270306], Rotation: [9.416729135412162, 4.433685240650063, 4.627034705628377], Velocity: [-0.24402421648996941, 1.544710457822585, -34.4520728708188]
Position: [-0.3256931569174117, 2.1131888365868123, 40.61633791956212], Rotation: [9.434032005412162, 4.4159164106500635, 4.627034705628377], Velocity: [-0.23242943856194237, 1.4726291418027495, -34.56543551946968]
Position: [-0.3280174513030311, 2.12791512800484, 40.26970256436742], Rotation: [9.451334875412162, 4.398147580650064, 4.627034705628377], Velocity: [-0.22083466063391533, 1.400547825782914, -34.67879816812056]
Position: [-0.3302257979093703, 2.141920606262669, 39.921933582686215], Rotation: [9.468637745412162, 4.380378750650064, 4.627034705628377], Velocity: [-0.20923988270588828, 1.3284665097630786, -34.792160816771435]
Position: [-0.33231819673642915, 2.1552052713602996, 39.5730309745185], Rotation: [9.485940615412161, 4.362609920650065, 4.627034705628377], Velocity: [-0.19764510477786124, 1.256385193743243, -34.90552346542231]
Position: [-0.33429464778420775, 2.167769123297732, 39.222994739864276], Rotation: [9.503243485412161, 4.344841090650065, 4.627034705628377], Velocity: [-0.1860503268498342, 1.1843038777234076, -35.01888611407319]
Position: [-0.3361551510527061, 2.179612162074966, 38.871824878723544], Rotation: [9.520546355412161, 4.327072260650065, 4.627034705628377], Velocity: [-0.17445554892180715, 1.1122225617035721, -35.13224876272407]
Position: [-0.3378997065419242, 2.1907343876920016, 38.519521391096305], Rotation: [9.537849225412161, 4.309303430650066, 4.627034705628377], Velocity: [-0.1628607709937801, 1.0401412456837367, -35.245611411374945]
Position: [-0.339528314251862, 2.201135800148839, 38.16608427698255], Rotation: [9.555152095412161, 4.291534600650066, 4.627034705628377], Velocity: [-0.15126599306575306, 0.9680599296639012, -35.35897406002582]
Position: [-0.3410409741825195, 2.210816399445478, 37.81151353638229], Rotation: [9.572454965412161, 4.2737657706500665, 4.627034705628377], Velocity: [-0.139671215137726, 0.8959786136440657, -35.4723367086767]
Position: [-0.34243768633389676, 2.2197761855819187, 37.45580916929553], Rotation: [9.589757835412161, 4.255996940650067, 4.627034705628377], Velocity: [-0.12807643720969897, 0.8238972976242303, -35.58569935732758]
Position: [-0.34371845070599377, 2.228015158558161, 37.09897117572225], Rotation: [9.607060705412161, 4.238228110650067, 4.627034705628377], Velocity: [-0.11648165928167192, 0.7518159816043948, -35.699062005978455]
Position: [-0.34488326729881047, 2.235533318374205, 36.74099955566246], Rotation: [9.624363575412161, 4.220459280650068, 4.627034705628377], Velocity: [-0.10488688135364488, 0.6797346655845593, -35.81242465462933]
Position: [-0.3459321361123469, 2.2423306650300505, 36.38189430911617], Rotation: [9.641666445412161, 4.202690450650068, 4.627034705628377], Velocity: [-0.09329210342561783, 0.6076533495647238, -35.92578730328021]
Position: [-0.3468650571466031, 2.248407198525698, 36.02165543608337], Rotation: [9.658969315412161, 4.184921620650068, 4.627034705628377], Velocity: [-0.08169732549759079, 0.5355720335448884, -36.03914995193109]
Position: [-0.347682030401579, 2.2537629188611468, 35.66028293656406], Rotation: [9.676272185412161, 4.167152790650069, 4.627034705628377], Velocity: [-0.07010254756956374, 0.4634907175250529, -36.152512600581964]
Position: [-0.34838305587727464, 2.2583978260363975, 35.29777681055824], Rotation: [9.693575055412161, 4.149383960650069, 4.627034705628377], Velocity: [-0.0585077696415367, 0.3914094015052174, -36.26587524923284]
Position: [-0.34896813357369, 2.2623119200514497, 34.934137058065915], Rotation: [9.710877925412161, 4.1316151306500695, 4.627034705628377], Velocity: [-0.046912991713509655, 0.31932808548538194, -36.37923789788372]
Position: [-0.3494372634908251, 2.2655052009063033, 34.569363679087076], Rotation: [9.728180795412161, 4.11384630065007, 4.627034705628377], Velocity: [-0.03531821378548261, 0.24724676946554647, -36.4926005465346]
Position: [-0.34979044562867995, 2.2679776686009587, 34.20345667362173], Rotation: [9.745483665412161, 4.09607747065007, 4.627034705628377], Velocity: [-0.023723435857455566, 0.175165453445711, -36.605963195185474]
Position: [-0.3500276799872545, 2.2697293231354156, 33.83641604166988], Rotation: [9.762786535412161, 4.078308640650071, 4.627034705628377], Velocity: [-0.012128657929428523, 0.10308413742587552, -36.71932584383635]
Position: [-0.35014896656654876, 2.2707601645096744, 33.46824178323151], Rotation: [9.780089405412161, 4.060539810650071, 4.627034705628377], Velocity: [-0.0005338800014014801, 0.03100282140604005, -36.83268849248723]
Position: [-0.3501543053665628, 2.2710701927237347, 33.09893389830664], Rotation: [9.797392275412161, 4.042770980650071, 4.627034705628377], Velocity: [0.011060897926625563, -0.041078494613795424, -36.946051141138106]
Position: [-0.35004369638729654, 2.270659407777597, 32.72849238689526], Rotation: [9.814695145412161, 4.025002150650072, 4.627034705628377], Velocity: [0.022655675854652606, -0.1131598106336309, -37.059413789788984]
Position: [-0.34981713962875, 2.2695278096712603, 32.35691724899737], Rotation: [9.831998015412161, 4.007233320650072, 4.627034705628377], Velocity: [0.03425045378267965, -0.18524112665346637, -37.17277643843986]
Position: [-0.3494746350909232, 2.2676753984047258, 31.98420848461297], Rotation: [9.84930088541216, 3.989464490650072, 4.627034705628377], Velocity: [0.045845231710706695, -0.25732244267330184, -37.28613908709074]
Position: [-0.34901618277381613, 2.2651021739779926, 31.610366093742062], Rotation: [9.86660375541216, 3.971695660650072, 4.627034705628377], Velocity: [0.05744000963873374, -0.3294037586931373, -37.399501735741616]
Position: [-0.3484417826774288, 2.2618081363910614, 31.235390076384647], Rotation: [9.88390662541216, 3.953926830650072, 4.627034705628377], Velocity: [0.06903478756676078, -0.4014850747129728, -37.51286438439249]
Position: [-0.3477514348017612, 2.2577932856439316, 30.85928043254072], Rotation: [9.90120949541216, 3.936158000650072, 4.627034705628377], Velocity: [0.08062956549478782, -0.47356639073280826, -37.62622703304337]
Position: [-0.3469451391468133, 2.2530576217366036, 30.482037162210286], Rotation: [9.91851236541216, 3.9183891706500718, 4.627034705628377], Velocity: [0.09222434342281487, -0.5456477067526437, -37.73958968169425]
Position: [-0.34602289571258515, 2.247601144669077, 30.103660265393344], Rotation: [9.93581523541216, 3.9006203406500717, 4.627034705628377], Velocity: [0.10381912135084191, -0.6177290227724792, -37.852952330345126]
Position: [-0.34498470449907676, 2.2414238544413525, 29.724149742089892], Rotation: [9.95311810541216, 3.8828515106500716, 4.627034705628377], Velocity: [0.11541389927886896, -0.6898103387923147, -37.966314978996]
Position: [-0.34383056550628804, 2.2345257510534293, 29.343505592299934], Rotation: [9.970426735412161, 3.885694250650072, 4.627034705628377], Velocity: [0.1140744073259838, -0.6815135929509627, -38.03565200781213]
Position: [-0.34268982143302823, 2.22771061512392, 28.96216807222181], Rotation: [9.987735365412162, 3.888536990650072, 4.627034705628377], Velocity: [0.11273491537309864, -0.6732168471096107, -38.10498903662826]
Position: [-0.34156247227929726, 2.2209784466528237, 28.580137181855527], Rotation: [10.005043995412162, 3.891379730650072, 4.627034705628377], Velocity: [0.11139542342021348, -0.6649201012682587, -38.17432606544439]
Position: [-0.3404485180450951, 2.2143292456401413, 28.19741292120108], Rotation: [10.022352625412163, 3.8942224706500723, 4.627034705628377], Velocity: [0.11005593146732832, -0.6566233554269068, -38.24366309426052]
Position: [-0.33934795873042184, 2.2077630120858722, 27.813995290258475], Rotation: [10.039661255412163, 3.8970652106500725, 4.627034705628377], Velocity: [0.10871643951444317, -0.6483266095855548, -38.31300012307665]
Position: [-0.3382607943352774, 2.201279745990017, 27.429884289027708], Rotation: [10.056969885412164, 3.8999079506500727, 4.627034705628377], Velocity: [0.10737694756155801, -0.6400298637442028, -38.38233715189278]
Position: [-0.3371870248596618, 2.194879447352575, 27.04507991750878], Rotation: [10.074278515412164, 3.902750690650073, 4.627034705628377], Velocity: [0.10603745560867285, -0.6317331179028508, -38.451674180708906]
Position: [-0.3361266503035751, 2.1885621161735465, 26.65958217570169], Rotation: [10.091587145412165, 3.905593430650073, 4.627034705628377], Velocity: [0.10469796365578769, -0.6234363720614988, -38.521011209525035]
Position: [-0.3350796706670172, 2.1823277524529314, 26.27339106360644], Rotation: [10.108895775412165, 3.908436170650073, 4.627034705628377], Velocity: [0.10335847170290254, -0.6151396262201468, -38.590348238341164]
Position: [-0.3340460859499882, 2.17617635619073, 25.886506581223028], Rotation: [10.126204405412166, 3.9112789106500734, 4.627034705628377], Velocity: [0.10201897975001738, -0.6068428803787949, -38.65968526715729]
Position: [-0.333025896152488, 2.170107927386942, 25.498928728551455], Rotation: [10.143513035412166, 3.9141216506500736, 4.627034705628377], Velocity: [0.10067948779713222, -0.5985461345374429, -38.72902229597342]
Position: [-0.33201910127451667, 2.164122466041568, 25.11065750559172], Rotation: [10.160821665412167, 3.9169643906500737, 4.627034705628377], Velocity: [0.09933999584424706, -0.5902493886960909, -38.79835932478955]
Position: [-0.3310257013160742, 2.158219972154607, 24.721692912343826], Rotation: [10.178130295412167, 3.919807130650074, 4.627034705628377], Velocity: [0.0980005038913619, -0.5819526428547389, -38.86769635360568]
Position: [-0.33004569627716057, 2.1524004457260597, 24.33203494880777], Rotation: [10.195438925412168, 3.922649870650074, 4.627034705628377], Velocity: [0.09666101193847675, -0.5736558970133869, -38.93703338242181]
Position: [-0.3290790861577758, 2.146663886755926, 23.941683614983553], Rotation: [10.212747555412168, 3.9254926106500743, 4.627034705628377], Velocity: [0.09532151998559159, -0.565359151172035, -39.00637041123794]
Position: [-0.3281258709579199, 2.1410102952442056, 23.550638910871175], Rotation: [10.230056185412169, 3.9283353506500744, 4.627034705628377], Velocity: [0.09398202803270643, -0.557062405330683, -39.07570744005407]
Position: [-0.3271860506775928, 2.1354396711908987, 23.158900836470636], Rotation: [10.247364815412169, 3.9311780906500746, 4.627034705628377], Velocity: [0.09264253607982127, -0.548765659489331, -39.145044468870196]
Position: [-0.3262596253167946, 2.1299520145960056, 22.766469391781936], Rotation: [10.26467344541217, 3.934020830650075, 4.627034705628377], Velocity: [0.09130304412693611, -0.540468913647979, -39.214381497686325]
Position: [-0.32534659487552525, 2.1245473254595257, 22.37334457680507], Rotation: [10.28198207541217, 3.936863570650075, 4.627034705628377], Velocity: [0.08996355217405096, -0.532172167806627, -39.283718526502454]
Position: [-0.32444695935378476, 2.1192256037814596, 21.979526391540045], Rotation: [10.29929070541217, 3.939706310650075, 4.627034705628377], Velocity: [0.0886240602211658, -0.523875421965275, -39.35305555531858]
Position: [-0.3235607187515731, 2.113986849561807, 21.585014835986858], Rotation: [10.316599335412171, 3.9425490506500753, 4.627034705628377], Velocity: [0.08728456826828064, -0.515578676123923, -39.42239258413471]
Position: [-0.3226878730688903, 2.1088310628005678, 21.18980991014551], Rotation: [10.333907965412171, 3.9453917906500755, 4.627034705628377], Velocity: [0.08594507631539548, -0.5072819302825711, -39.49172961295084]
Position: [-0.32182842230573633, 2.103758243497742, 20.793911614016], Rotation: [10.351216595412172, 3.9482345306500757, 4.627034705628377], Velocity: [0.08460558436251032, -0.4989851844412191, -39.56106664176697]
Position: [-0.3209823664621112, 2.09876839165333, 20.39731994759833], Rotation: [10.368525225412172, 3.951077270650076, 4.627034705628377], Velocity: [0.08326609240962517, -0.4906884385998671, -39.6304036705831]
Position: [-0.320149705538015, 2.0938615072673312, 20.0000349108925], Rotation: [10.385833855412173, 3.953920010650076, 4.627034705628377], Velocity: [0.08192660045674001, -0.4823916927585151, -39.69974069939923]
Position: [-0.3193304395334476, 2.0890375903397462, 19.602056503898506], Rotation: [10.403142485412173, 3.956762750650076, 4.627034705628377], Velocity: [0.08058710850385485, -0.47409494691716314, -39.76907772821536]
Position: [-0.31852456844840904, 2.0842966408705745, 19.203384726616353], Rotation: [10.420451115412174, 3.9596054906500764, 4.627034705628377], Velocity: [0.0792476165509697, -0.46579820107581116, -39.83841475703149]
Position: [-0.31773209228289934, 2.0796386588598166, 18.804019579046038], Rotation: [10.437759745412174, 3.9624482306500766, 4.627034705628377], Velocity: [0.07790812459808454, -0.4575014552344592, -39.907751785847616]
Position: [-0.3169530110369185, 2.075063644307472, 18.403961061187562], Rotation: [10.455068375412175, 3.9652909706500767, 4.627034705628377], Velocity: [0.07656863264519938, -0.4492047093931072, -39.977088814663745]
Position: [-0.31618732471046646, 2.070571597213541, 18.003209173040926], Rotation: [10.472377005412175, 3.968133710650077, 4.627034705628377], Velocity: [0.07522914069231422, -0.4409079635517552, -40.046425843479874]
Position: [-0.31543503330354333, 2.0661625175780234, 17.601763914606128], Rotation: [10.489685635412176, 3.970976450650077, 4.627034705628377], Velocity: [0.07388964873942906, -0.43261121771040323, -40.115762872296]
Position: [-0.31469613681614905, 2.0618364054009195, 17.19962528588317], Rotation: [10.506994265412176, 3.9738191906500773, 4.627034705628377], Velocity: [0.0725501567865439, -0.42431447186905125, -40.18509990111213]
Position: [-0.3139706352482836, 2.057593260682229, 16.79679328687205], Rotation: [10.524308645412177, 3.9972716006500773, 4.627034705628377], Velocity: [0.06300913539864454, -0.36543305837462603, -40.341556678398355]
Position: [-0.31334054389429716, 2.0539389300984827, 16.392396720088065], Rotation: [10.541623025412177, 4.020724010650078, 4.627034705628377], Velocity: [0.05346811401074519, -0.3065516448802008, -40.49801345568458]
Position: [-0.3128058627541897, 2.050873413649681, 15.98643558553122], Rotation: [10.558937405412177, 4.044176420650078, 4.627034705628377], Velocity: [0.04392709262284583, -0.24767023138577562, -40.6544702329708]
Position: [-0.3123665918279612, 2.048396711335823, 15.578909883201511], Rotation: [10.576251785412177, 4.067628830650078, 4.627034705628377], Velocity: [0.034386071234946476, -0.18878881789135044, -40.810927010257025]
Position: [-0.31202273111561174, 2.0465088231569095, 15.169819613098941], Rotation: [10.593566165412177, 4.091081240650078, 4.627034705628377], Velocity: [0.02484504984704712, -0.12990740439692525, -40.96738378754325]
Position: [-0.31177428061714124, 2.0452097491129404, 14.759164775223509], Rotation: [10.610880545412178, 4.114533650650078, 4.627034705628377], Velocity: [0.015304028459147764, -0.07102599090250006, -41.12384056482947]
Position: [-0.3116212403325498, 2.044499489203915, 14.346945369575215], Rotation: [10.628194925412178, 4.137986060650078, 4.627034705628377], Velocity: [0.005763007071248407, -0.01214457740807487, -41.280297342115695]
Position: [-0.3115636102618373, 2.0443780434298344, 13.933161396154057], Rotation: [10.645509305412178, 4.1614384706500775, 4.627034705628377], Velocity: [-0.00377801431665095, 0.04673683608635032, -41.43675411940192]
Position: [-0.31160139040500384, 2.044845411790698, 13.517812854960038], Rotation: [10.662823685412178, 4.1848908806500775, 4.627034705628377], Velocity: [-0.013319035704550307, 0.10561824958077551, -41.59321089668814]
Position: [-0.31173458076204935, 2.045901594286506, 13.100899745993157], Rotation: [10.680138065412178, 4.2083432906500775, 4.627034705628377], Velocity: [-0.022860057092449662, 0.1644996630752007, -41.749667673974365]
Position: [-0.31196318133297385, 2.047546590917258, 12.682422069253413], Rotation: [10.697452445412178, 4.2317957006500775, 4.627034705628377], Velocity: [-0.03240107848034902, 0.22338107656962589, -41.90612445126059]
Position: [-0.31228719211777733, 2.049780401682954, 12.262379824740806], Rotation: [10.714766825412179, 4.2552481106500775, 4.627034705628377], Velocity: [-0.04194209986824837, 0.2822624900640511, -42.06258122854681]
Position: [-0.3127066131164598, 2.052603026583595, 11.840773012455339], Rotation: [10.732081205412179, 4.278700520650077, 4.627034705628377], Velocity: [-0.05148312125614773, 0.34114390355847624, -42.219038005833035]
Position: [-0.31322144432902127, 2.0560144656191794, 11.417601632397009], Rotation: [10.749395585412179, 4.302152930650077, 4.627034705628377], Velocity: [-0.06102414264404708, 0.40002531705290145, -42.37549478311926]
Position: [-0.3138316857554617, 2.0600147187897084, 10.992865684565816], Rotation: [10.76670996541218, 4.325605340650077, 4.627034705628377], Velocity: [-0.07056516403194645, 0.45890673054732667, -42.53195156040548]
Position: [-0.31453733739578116, 2.064603786095182, 10.56656516896176], Rotation: [10.78402434541218, 4.349057750650077, 4.627034705628377], Velocity: [-0.08010618541984581, 0.5177881440417519, -42.688408337691705]
Position: [-0.31533839924997964, 2.069781667535599, 10.138700085584844], Rotation: [10.80133872541218, 4.372510160650077, 4.627034705628377], Velocity: [-0.08964720680774517, 0.5766695575361771, -42.84486511497793]
Position: [-0.3162348713180571, 2.075548363110961, 9.709270434435064], Rotation: [10.81865310541218, 4.395962570650077, 4.627034705628377], Velocity: [-0.09918822819564453, 0.6355509710306023, -43.00132189226415]
Position: [-0.31722675360001357, 2.081903872821267, 9.278276215512422], Rotation: [10.83596748541218, 4.419414980650077, 4.627034705628377], Velocity: [-0.1087292495835439, 0.6944323845250275, -43.157778669550375]
Position: [-0.318314046095849, 2.0888481966665173, 8.845717428816918], Rotation: [10.85328186541218, 4.442867390650077, 4.627034705628377], Velocity: [-0.11827027097144326, 0.7533137980194528, -43.3142354468366]
Position: [-0.31949674880556345, 2.0963813346467117, 8.411594074348553], Rotation: [10.87059624541218, 4.466319800650077, 4.627034705628377], Velocity: [-0.1278112923593426, 0.812195211513878, -43.47069222412282]
Position: [-0.32077486172915687, 2.1045032867618505, 7.975906152107325], Rotation: [10.88791062541218, 4.489772210650077, 4.627034705628377], Velocity: [-0.13735231374724197, 0.8710766250083032, -43.627149001409045]
Position: [-0.3221483848666293, 2.1132140530119337, 7.5386536620932345], Rotation: [10.90522500541218, 4.513224620650077, 4.627034705628377], Velocity: [-0.14689333513514133, 0.9299580385027284, -43.78360577869527]
Position: [-0.3236173182179807, 2.1225136333969608, 7.099836604306282], Rotation: [10.92253938541218, 4.536677030650077, 4.627034705628377], Velocity: [-0.1564343565230407, 0.9888394519971536, -43.94006255598149]
Position: [-0.32518166178321106, 2.1324020279169322, 6.659454978746467], Rotation: [10.939853765412181, 4.560129440650077, 4.627034705628377], Velocity: [-0.16597537791094005, 1.0477208654915788, -44.096519333267715]
Position: [-0.32684141556232044, 2.142879236571848, 6.21750878541379], Rotation: [10.957168145412181, 4.583581850650077, 4.627034705628377], Velocity: [-0.17551639929883942, 1.106602278986004, -44.25297611055394]
Position: [-0.32859657955530885, 2.1539452593617083, 5.77399802430825], Rotation: [10.974482525412181, 4.607034260650077, 4.627034705628377], Velocity: [-0.18505742068673878, 1.165483692480429, -44.40943288784016]
Position: [-0.33044715376217626, 2.1656000962865125, 5.328922695429848], Rotation: [10.991796905412182, 4.630486670650077, 4.627034705628377], Velocity: [-0.19459844207463814, 1.2243651059748542, -44.565889665126385]
Position: [-0.33239313818292265, 2.177843747346261, 4.882282798778585], Rotation: [11.009111285412182, 4.653939080650077, 4.627034705628377], Velocity: [-0.2041394634625375, 1.2832465194692793, -44.72234644241261]
Position: [-0.33443453281754804, 2.190676212540954, 4.434078334354458], Rotation: [11.026425665412182, 4.677391490650077, 4.627034705628377], Velocity: [-0.21368048485043686, 1.3421279329637044, -44.87880321969883]
Position: [-0.3365713376660524, 2.204097491870591, 3.98430930215747], Rotation: [11.043740045412182, 4.700843900650077, 4.627034705628377], Velocity: [-0.22322150623833623, 1.4010093464581295, -45.035259996985054]
Position: [-0.33880355272843576, 2.218107585335172, 3.532975702187619], Rotation: [11.061062095412183, 4.682074110650077, 4.627034705628377], Velocity: [-0.2172718011833334, 1.3644688915481615, -45.145063419800785]
Position: [-0.3409762707402691, 2.231752274250654, 3.0805440679896114], Rotation: [11.078384145412183, 4.663304320650076, 4.627034705628377], Velocity: [-0.21132209612833056, 1.3279284366381936, -45.254866842616515]
Position: [-0.3430894917015524, 2.2450315586170357, 2.6270143995634463], Rotation: [11.095706195412184, 4.644534530650076, 4.627034705628377], Velocity: [-0.20537239107332772, 1.2913879817282257, -45.364670265432245]
Position: [-0.34514321561228567, 2.257945438434318, 2.1723866969091237], Rotation: [11.113028245412185, 4.625764740650076, 4.627034705628377], Velocity: [-0.19942268601832489, 1.2548475268182577, -45.474473688247976]
Position: [-0.3471374424724689, 2.2704939137025004, 1.7166609600266438], Rotation: [11.130350295412185, 4.606994950650075, 4.627034705628377], Velocity: [-0.19347298096332205, 1.2183070719082898, -45.584277111063706]
Position: [-0.34907217228210213, 2.2826769844215833, 1.2598371889160067], Rotation: [11.147672345412186, 4.588225160650075, 4.627034705628377], Velocity: [-0.18752327590831921, 1.1817666169983219, -45.694080533879436]
Position: [-0.3509474050411853, 2.2944946505915667, 0.8019153835772124], Rotation: [11.164994395412187, 4.569455370650075, 4.627034705628377], Velocity: [-0.18157357085331638, 1.145226162088354, -45.80388395669517]
Position: [-0.3527631407497185, 2.30594691221245, 0.3428955440102607], Rotation: [11.182316445412187, 4.550685580650074, 4.627034705628377], Velocity: [-0.17562386579831354, 1.108685707178386, -45.9136873795109]
Position: [-0.3545193794077016, 2.317033769284234, -0.11722232978484831], Rotation: [11.199638495412188, 4.531915790650074, 4.627034705628377], Velocity: [-0.1696741607433107, 1.072145252268418, -46.02349080232663]
