Position: [0.0, 0.0, 99.999019], Rotation: [3.921947998336073, 4.484451673294045, 5.135810333144939], Velocity: [-0.000260908084749295, 0.00225868286422337, -0.1027902924286225]
Position: [-2.60908084749295e-06, 2.25868286422337e-05, 99.99701009707572], Rotation: [3.9388059983360733, 4.511353723294046, 5.135810333144939], Velocity: [-0.00052181616949859, 0.00451736572844674, -0.205580584857245]
Position: [-7.82724254247885e-06, 6.77604859267011e-05, 99.99397329122715], Rotation: [3.9556697583360734, 4.496031663294046, 5.135810333144939], Velocity: [0.006241964848614693, -0.05374232321376732, -0.30141609929324287]
Position: [5.459240594366808e-05, -0.0004696627462109721, 99.98997813023422], Rotation: [3.9725335183360735, 4.480709603294046, 5.135810333144939], Velocity: [0.013005745866727977, -0.11200201215598138, -0.3972516137292408]
Position: [0.00018464986461094783, -0.001589682867770786, 99.98502461409693], Rotation: [3.9893972783360736, 4.465387543294046, 5.135810333144939], Velocity: [0.01976952688484126, -0.17026170109819544, -0.4930871281652387]
Position: [0.0003823451334593604, -0.0032922998787527405, 99.97911274281527], Rotation: [4.006261038336073, 4.450065483294046, 5.135810333144939], Velocity: [0.026533307902954544, -0.2285213900404095, -0.5889226426012366]
Position: [0.0006476782124889059, -0.0055775137791568355, 99.97224251638926], Rotation: [4.023124798336073, 4.434743423294046, 5.135810333144939], Velocity: [0.03329708892106783, -0.28678107898262356, -0.6847581570372345]
Position: [0.0009806491016995842, -0.008445324568983071, 99.96441393481888], Rotation: [4.039988558336073, 4.419421363294046, 5.135810333144939], Velocity: [0.040060869939181114, -0.3450407679248376, -0.7805936714732324]
Position: [0.0013812578010913954, -0.011895732248231448, 99.95562699810415], Rotation: [4.056852318336072, 4.404099303294046, 5.135810333144939], Velocity: [0.0468246509572944, -0.4033004568670517, -0.8764291859092304]
Position: [0.0018495043106643394, -0.015928736816901965, 99.94588170624506], Rotation: [4.073716078336072, 4.388777243294046, 5.135810333144939], Velocity: [0.053588431975407684, -0.46156014580926574, -0.9722647003452283]
Position: [0.0023853886304184163, -0.020544338274994623, 99.93517805924161], Rotation: [4.090579838336072, 4.3734551832940465, 5.135810333144939], Velocity: [0.06035221299352097, -0.5198198347514797, -1.0681002147812262]
Position: [0.002988910760353626, -0.025742536622509422, 99.92351605709379], Rotation: [4.107443598336071, 4.358133123294047, 5.135810333144939], Velocity: [0.06711599401163425, -0.5780795236936938, -1.163935729217224]
Position: [0.0036600707004699686, -0.03152333185944636, 99.91089569980161], Rotation: [4.124307358336071, 4.342811063294047, 5.135810333144939], Velocity: [0.07387977502974753, -0.6363392126359078, -1.259771243653222]
Position: [0.0043988684507674436, -0.03788672398580544, 99.89731698736509], Rotation: [4.141171118336071, 4.327489003294047, 5.135810333144939], Velocity: [0.08064355604786082, -0.6945989015781218, -1.35560675808922]
Position: [0.005205304011246052, -0.04483271300158666, 99.8827799197842], Rotation: [4.15803487833607, 4.312166943294047, 5.135810333144939], Velocity: [0.0874073370659741, -0.7528585905203358, -1.4514422725252178]
Position: [0.006079377381905793, -0.05236129890679002, 99.86728449705895], Rotation: [4.17489863833607, 4.296844883294047, 5.135810333144939], Velocity: [0.09417111808408739, -0.8111182794625498, -1.5472777869612158]
Position: [0.007021088562746667, -0.06047248170141552, 99.85083071918933], Rotation: [4.19176239833607, 4.281522823294047, 5.135810333144939], Velocity: [0.10093489910220067, -0.8693779684047638, -1.6431133013972137]
Position: [0.008030437553768675, -0.06916626138546315, 99.83341858617536], Rotation: [4.208626158336069, 4.266200763294047, 5.135810333144939], Velocity: [0.10769868012031396, -0.9276376573469778, -1.7389488158332116]
Position: [0.009107424354971815, -0.07844263795893293, 99.81504809801703], Rotation: [4.225489918336069, 4.250878703294047, 5.135810333144939], Velocity: [0.11446246113842724, -0.9858973462891918, -1.8347843302692095]
Position: [0.010252048966356089, -0.08830161142182484, 99.79571925471434], Rotation: [4.242353678336069, 4.235556643294047, 5.135810333144939], Velocity: [0.12122624215654053, -1.0441570352314058, -1.9306198447052074]
Position: [0.011464311387921495, -0.0987431817741389, 99.77543205626729], Rotation: [4.259217438336068, 4.220234583294047, 5.135810333144939], Velocity: [0.1279900231746538, -1.1024167241736198, -2.026455359141205]
Position: [0.012744211619668032, -0.10976734901587511, 99.75418650267588], Rotation: [4.276081198336068, 4.204912523294047, 5.135810333144939], Velocity: [0.13475380419276708, -1.1606764131158338, -2.122290873577203]
Position: [0.014091749661595702, -0.12137411314703345, 99.7319825939401], Rotation: [4.292944958336068, 4.1895904632940475, 5.135810333144939], Velocity: [0.14151758521088037, -1.2189361020580478, -2.218126388013201]
Position: [0.015506925513704506, -0.13356347416761394, 99.70882033005996], Rotation: [4.309808718336067, 4.174268403294048, 5.135810333144939], Velocity: [0.14828136622899366, -1.2771957910002618, -2.313961902449199]
Position: [0.01698973917599444, -0.14633543207761657, 99.68469971103548], Rotation: [4.326672478336067, 4.158946343294048, 5.135810333144939], Velocity: [0.15504514724710694, -1.3354554799424758, -2.4097974168851968]
Position: [0.018540190648465512, -0.15968998687704133, 99.65962073686663], Rotation: [4.343536238336067, 4.143624283294048, 5.135810333144939], Velocity: [0.16180892826522023, -1.3937151688846898, -2.5056329313211947]
Position: [0.020158279931117715, -0.17362713856588824, 99.63358340755342], Rotation: [4.360399998336066, 4.128302223294048, 5.135810333144939], Velocity: [0.1685727092833335, -1.4519748578269038, -2.6014684457571926]
Position: [0.02184400702395105, -0.18814688714415728, 99.60658772309584], Rotation: [4.377263758336066, 4.112980163294048, 5.135810333144939], Velocity: [0.1753364903014468, -1.5102345467691178, -2.6973039601931905]
Position: [0.02359737192696552, -0.20324923261184846, 99.5786336834939], Rotation: [4.394127518336066, 4.097658103294048, 5.135810333144939], Velocity: [0.18210027131956008, -1.5684942357113318, -2.7931394746291884]
Position: [0.025418374640161123, -0.21893417496896178, 99.54972128874762], Rotation: [4.410991278336065, 4.082336043294048, 5.135810333144939], Velocity: [0.18886405233767337, -1.6267539246535458, -2.8889749890651863]
Position: [0.027307015163537857, -0.23520171421549724, 99.51985053885697], Rotation: [4.427855038336065, 4.067013983294048, 5.135810333144939], Velocity: [0.19562783335578665, -1.6850136135957599, -2.9848105035011843]
Position: [0.029263293497095725, -0.25205185035145483, 99.48902143382196], Rotation: [4.444718798336065, 4.051691923294048, 5.135810333144939], Velocity: [0.20239161437389994, -1.7432733025379739, -3.080646017937182]
Position: [0.03128720964083472, -0.26948458337683456, 99.45723397364259], Rotation: [4.461582558336064, 4.036369863294048, 5.135810333144939], Velocity: [0.20915539539201322, -1.8015329914801879, -3.17648153237318]
Position: [0.033378763594754855, -0.28749991329163643, 99.42448815831885], Rotation: [4.478446318336064, 4.021047803294048, 5.135810333144939], Velocity: [0.2159191764101265, -1.8597926804224019, -3.272317046809178]
Position: [0.03553795535885612, -0.30609784009586044, 99.39078398785075], Rotation: [4.495315828336064, 4.026335403294048, 5.135810333144939], Velocity: [0.21509634075432424, -1.85274060271078, -3.3582649049783884]
Position: [0.03768891876639936, -0.3246252461229682, 99.35622033880097], Rotation: [4.512185338336065, 4.031623003294048, 5.135810333144939], Velocity: [0.21427350509852197, -1.8456885249991581, -3.4442127631475987]
Position: [0.039831653817384585, -0.3430821313729598, 99.32079721116949], Rotation: [4.529054848336065, 4.036910603294048, 5.135810333144939], Velocity: [0.2134506694427197, -1.8386364472875363, -3.530160621316809]
Position: [0.04196616051181178, -0.3614684958458351, 99.28451460495633], Rotation: [4.545924358336065, 4.042198203294048, 5.135810333144939], Velocity: [0.21262783378691744, -1.8315843695759144, -3.6161084794860194]
Position: [0.044092438849680955, -0.3797843395415943, 99.24737252016146], Rotation: [4.562793868336065, 4.047485803294048, 5.135810333144939], Velocity: [0.21180499813111517, -1.8245322918642926, -3.70205633765523]
Position: [0.04621048883099211, -0.39802966246023724, 99.20937095678491], Rotation: [4.579663378336066, 4.052773403294048, 5.135810333144939], Velocity: [0.2109821624753129, -1.8174802141526707, -3.78800419582444]
Position: [0.04832031045574524, -0.41620446460176397, 99.17050991482667], Rotation: [4.596532888336066, 4.058061003294048, 5.135810333144939], Velocity: [0.21015932681951063, -1.8104281364410488, -3.8739520539936505]
Position: [0.05042190372394034, -0.43430874596617447, 99.13078939428674], Rotation: [4.613402398336066, 4.063348603294048, 5.135810333144939], Velocity: [0.20933649116370837, -1.803376058729427, -3.959899912162861]
Position: [0.05251526863557743, -0.45234250655346875, 99.0902093951651], Rotation: [4.630271908336066, 4.068636203294048, 5.135810333144939], Velocity: [0.2085136555079061, -1.796323981017805, -4.045847770332071]
Position: [0.05460040519065649, -0.4703057463636468, 99.04876991746178], Rotation: [4.647141418336067, 4.073923803294048, 5.135810333144939], Velocity: [0.20769081985210383, -1.7892719033061832, -4.131795628501282]
Position: [0.056677313389177524, -0.48819846539670864, 99.00647096117677], Rotation: [4.664010928336067, 4.079211403294048, 5.135810333144939], Velocity: [0.20686798419630156, -1.7822198255945614, -4.217743486670492]
Position: [0.05874599323114054, -0.5060206636526543, 98.96331252631006], Rotation: [4.680880438336067, 4.084499003294048, 5.135810333144939], Velocity: [0.2060451485404993, -1.7751677478829395, -4.303691344839702]
Position: [0.06080644471654553, -0.5237723411314837, 98.91929461286166], Rotation: [4.697749948336067, 4.089786603294048, 5.135810333144939], Velocity: [0.20522231288469703, -1.7681156701713177, -4.389639203008913]
Position: [0.0628586678453925, -0.541453497833197, 98.87441722083157], Rotation: [4.714619458336068, 4.095074203294048, 5.135810333144939], Velocity: [0.20439947722889476, -1.7610635924596958, -4.475587061178123]
Position: [0.06490266261768145, -0.559064133757794, 98.8286803502198], Rotation: [4.731488968336068, 4.100361803294048, 5.135810333144939], Velocity: [0.2035766415730925, -1.754011514748074, -4.561534919347333]
Position: [0.06693842903341238, -0.5766042489052747, 98.78208400102632], Rotation: [4.748358478336068, 4.105649403294048, 5.135810333144939], Velocity: [0.20275380591729023, -1.746959437036452, -4.647482777516544]
Position: [0.06896596709258528, -0.5940738432756393, 98.73462817325115], Rotation: [4.765227988336068, 4.1109370032940475, 5.135810333144939], Velocity: [0.20193097026148796, -1.7399073593248302, -4.733430635685754]
Position: [0.07098527679520016, -0.6114729168688876, 98.6863128668943], Rotation: [4.782097498336069, 4.1162246032940475, 5.135810333144939], Velocity: [0.2011081346056857, -1.7328552816132083, -4.819378493854964]
Position: [0.07299635814125702, -0.6288014696850197, 98.63713808195575], Rotation: [4.798967008336069, 4.121512203294047, 5.135810333144939], Velocity: [0.20028529894988342, -1.7258032039015865, -4.905326352024175]
Position: [0.07499921113075585, -0.6460595017240356, 98.58710381843551], Rotation: [4.815836518336069, 4.126799803294047, 5.135810333144939], Velocity: [0.19946246329408115, -1.7187511261899646, -4.991274210193385]
Position: [0.07699383576369666, -0.6632470129859352, 98.53621007633357], Rotation: [4.832706028336069, 4.132087403294047, 5.135810333144939], Velocity: [0.1986396276382789, -1.7116990484783428, -5.0772220683625955]
Position: [0.07898023204007945, -0.6803640034707187, 98.48445685564995], Rotation: [4.84957553833607, 4.137375003294047, 5.135810333144939], Velocity: [0.19781679198247662, -1.704646970766721, -5.163169926531806]
Position: [0.08095839995990421, -0.6974104731783859, 98.43184415638463], Rotation: [4.86644504833607, 4.142662603294047, 5.135810333144939], Velocity: [0.19699395632667435, -1.697594893055099, -5.249117784701016]
Position: [0.08292833952317095, -0.7143864221089369, 98.37837197853761], Rotation: [4.88331455833607, 4.147950203294047, 5.135810333144939], Velocity: [0.19617112067087208, -1.6905428153434772, -5.3350656428702266]
Position: [0.08489005072987968, -0.7312918502623716, 98.32404032210891], Rotation: [4.9001840683360705, 4.153237803294047, 5.135810333144939], Velocity: [0.19534828501506982, -1.6834907376318553, -5.421013501039437]
Position: [0.08684353358003037, -0.7481267576386902, 98.26884918709852], Rotation: [4.917053578336071, 4.158525403294047, 5.135810333144939], Velocity: [0.19452544935926755, -1.6764386599202334, -5.506961359208647]
Position: [0.08878878807362305, -0.7648911442378925, 98.21279857350643], Rotation: [4.933923088336071, 4.163813003294047, 5.135810333144939], Velocity: [0.19370261370346528, -1.6693865822086116, -5.592909217377858]
Position: [0.0907258142106577, -0.7815850100599786, 98.15588848133265], Rotation: [4.950792598336071, 4.169100603294047, 5.135810333144939], Velocity: [0.19287977804766301, -1.6623345044969897, -5.678857075547068]
Position: [0.09265461199113433, -0.7982083551049485, 98.09811891057718], Rotation: [4.9676621083360715, 4.174388203294047, 5.135810333144939], Velocity: [0.19205694239186075, -1.6552824267853679, -5.764804933716278]
Position: [0.09457518141505293, -0.8147611793728021, 98.03948986124003], Rotation: [4.984531618336072, 4.179675803294047, 5.135810333144939], Velocity: [0.19123410673605848, -1.648230349073746, -5.850752791885489]
Position: [0.09648752248241352, -0.8312434828635396, 97.98000133332117], Rotation: [5.001401128336072, 4.184963403294047, 5.135810333144939], Velocity: [0.1904112710802562, -1.6411782713621241, -5.936700650054699]
Position: [0.09839163519321609, -0.8476552655771608, 97.91965332682062], Rotation: [5.018278308336072, 4.2108625832940465, 5.135810333144939], Velocity: [0.18628081012156575, -1.6060126634572955, -6.092335063995851]
Position: [0.10025444329443174, -0.8637153922117337, 97.85774897618066], Rotation: [5.035155488336072, 4.236761763294046, 5.135810333144939], Velocity: [0.18215034916287529, -1.570847055552467, -6.247969477937002]
Position: [0.1020759467860605, -0.8794238627672584, 97.7942882814013], Rotation: [5.0520326683360715, 4.262660943294046, 5.135810333144939], Velocity: [0.17801988820418482, -1.5356814476476384, -6.403603891878154]
Position: [0.10385614566810235, -0.8947806772437348, 97.72927124248251], Rotation: [5.068909848336071, 4.288560123294046, 5.135810333144939], Velocity: [0.17388942724549436, -1.5005158397428098, -6.559238305819306]
Position: [0.10559503994055729, -0.9097858356411629, 97.66269785942431], Rotation: [5.085787028336071, 4.314459303294045, 5.135810333144939], Velocity: [0.1697589662868039, -1.4653502318379812, -6.714872719760457]
Position: [0.10729262960342532, -0.9244393379595427, 97.59456813222671], Rotation: [5.102664208336071, 4.340358483294045, 5.135810333144939], Velocity: [0.16562850532811343, -1.4301846239331526, -6.870507133701609]
Position: [0.10894891465670646, -0.9387411841988742, 97.5248820608897], Rotation: [5.119541388336071, 4.366257663294045, 5.135810333144939], Velocity: [0.16149804436942297, -1.395019016028324, -7.02614154764276]
Position: [0.1105638951004007, -0.9526913743591574, 97.45363964541326], Rotation: [5.136418568336071, 4.392156843294044, 5.135810333144939], Velocity: [0.1573675834107325, -1.3598534081234954, -7.181775961583912]
Position: [0.11213757093450802, -0.9662899084403923, 97.38084088579743], Rotation: [5.15329574833607, 4.418056023294044, 5.135810333144939], Velocity: [0.15323712245204205, -1.3246878002186668, -7.337410375525064]
Position: [0.11366994215902844, -0.979536786442579, 97.30648578204217], Rotation: [5.17017292833607, 4.443955203294044, 5.135810333144939], Velocity: [0.14910666149335158, -1.2895221923138382, -7.493044789466215]
Position: [0.11516100877396196, -0.9924320083657174, 97.2305743341475], Rotation: [5.18705010833607, 4.469854383294043, 5.135810333144939], Velocity: [0.14497620053466112, -1.2543565844090097, -7.648679203407367]
Position: [0.11661077077930856, -1.0049755742098074, 97.15310654211343], Rotation: [5.20392728833607, 4.495753563294043, 5.135810333144939], Velocity: [0.14084573957597066, -1.219190976504181, -7.804313617348519]
Position: [0.11801922817506827, -1.0171674839748492, 97.07408240593995], Rotation: [5.22080446833607, 4.521652743294043, 5.135810333144939], Velocity: [0.1367152786172802, -1.1840253685993525, -7.95994803128967]
Position: [0.11938638096124107, -1.0290077376608429, 96.99350192562704], Rotation: [5.2376816483360695, 4.5475519232940425, 5.135810333144939], Velocity: [0.13258481765858973, -1.148859760694524, -8.115582445230823]
Position: [0.12071222913782698, -1.040496335267788, 96.91136510117474], Rotation: [5.254558828336069, 4.573451103294042, 5.135810333144939], Velocity: [0.12845435669989927, -1.1136941527896953, -8.271216859171975]
Position: [0.12199677270482596, -1.051633276795685, 96.82767193258302], Rotation: [5.271436008336069, 4.599350283294042, 5.135810333144939], Velocity: [0.12432389574120882, -1.0785285448848667, -8.426851273113128]
Position: [0.12324001166223805, -1.0624185622445337, 96.74242241985189], Rotation: [5.288313188336069, 4.6252494632940415, 5.135810333144939], Velocity: [0.12019343478251837, -1.0433629369800381, -8.58248568705428]
Position: [0.12444194601006324, -1.072852191614334, 96.65561656298135], Rotation: [5.305190368336069, 4.651148643294041, 5.135810333144939], Velocity: [0.11606297382382792, -1.0081973290752095, -8.738120100995433]
Position: [0.12560257574830153, -1.082934164905086, 96.5672543619714], Rotation: [5.322067548336069, 4.677047823294041, 5.135810333144939], Velocity: [0.11193251286513747, -0.973031721170381, -8.893754514936585]
Position: [0.1267219008769529, -1.09266448211679, 96.47733581682203], Rotation: [5.3389447283360685, 4.702947003294041, 5.135810333144939], Velocity: [0.10780205190644702, -0.9378661132655524, -9.049388928877738]
Position: [0.12779992139601737, -1.1020431432494455, 96.38586092753326], Rotation: [5.355821908336068, 4.72884618329404, 5.135810333144939], Velocity: [0.10367159094775658, -0.9027005053607238, -9.20502334281889]
Position: [0.12883663730549494, -1.1110701483030527, 96.29282969410507], Rotation: [5.372699088336068, 4.75474536329404, 5.135810333144939], Velocity: [0.09954112998906613, -0.8675348974558952, -9.360657756760043]
Position: [0.1298320486053856, -1.1197454972776117, 96.19824211653747], Rotation: [5.389576268336068, 4.78064454329404, 5.135810333144939], Velocity: [0.09541066903037568, -0.8323692895510666, -9.516292170701195]
Position: [0.13078615529568938, -1.1280691901731223, 96.10209819483046], Rotation: [5.406453448336068, 4.806543723294039, 5.135810333144939], Velocity: [0.09128020807168523, -0.797203681646238, -9.671926584642348]
Position: [0.13169895737640622, -1.1360412269895848, 96.00439792898403], Rotation: [5.423330628336068, 4.832442903294039, 5.135810333144939], Velocity: [0.08714974711299478, -0.7620380737414094, -9.8275609985835]
Position: [0.13257045484753616, -1.1436616077269988, 95.9051413189982], Rotation: [5.440207808336067, 4.858342083294039, 5.135810333144939], Velocity: [0.08301928615430433, -0.7268724658365808, -9.983195412524653]
Position: [0.1334006477090792, -1.1509303323853646, 95.80432836487296], Rotation: [5.457084988336067, 4.884241263294038, 5.135810333144939], Velocity: [0.07888882519561388, -0.6917068579317522, -10.138829826465805]
Position: [0.13418953596103533, -1.1578474009646822, 95.7019590666083], Rotation: [5.473962168336067, 4.910140443294038, 5.135810333144939], Velocity: [0.07475836423692343, -0.6565412500269237, -10.294464240406958]
Position: [0.13493711960340457, -1.1644128134649514, 95.59803342420423], Rotation: [5.490839348336067, 4.936039623294038, 5.135810333144939], Velocity: [0.07062790327823298, -0.6213756421220951, -10.45009865434811]
Position: [0.1356433986361869, -1.1706265698861724, 95.49255143766075], Rotation: [5.507716528336067, 4.9619388032940375, 5.135810333144939], Velocity: [0.06649744231954254, -0.5862100342172665, -10.605733068289263]
Position: [0.13630837305938234, -1.176488670228345, 95.38551310697785], Rotation: [5.5245937083360666, 4.987837983294037, 5.135810333144939], Velocity: [0.062366981360852086, -0.5510444263124379, -10.761367482230416]
Position: [0.13693204287299085, -1.1819991144914694, 95.27691843215555], Rotation: [5.541470888336066, 5.013737163294037, 5.135810333144939], Velocity: [0.05823652040216164, -0.5158788184076093, -10.917001896171568]
Position: [0.13751440807701246, -1.1871579026755454, 95.16676741319384], Rotation: [5.558353818336067, 4.997412233294037, 5.135810333144939], Velocity: [0.06092010922689763, -0.538613317784328, -11.016516072029336]
Position: [0.13812360916928143, -1.1925440358533888, 95.05562125247354], Rotation: [5.575236748336067, 4.9810873032940375, 5.135810333144939], Velocity: [0.06360369805163363, -0.5613478171610466, -11.116030247887105]
Position: [0.13875964614979777, -1.1981575140249991, 94.94347994999467], Rotation: [5.592119678336068, 4.964762373294038, 5.135810333144939], Velocity: [0.06628728687636962, -0.5840823165377653, -11.215544423744873]
Position: [0.13942251901856148, -1.2039983371903769, 94.83034350575721], Rotation: [5.609002608336068, 4.948437443294038, 5.135810333144939], Velocity: [0.0689708757011056, -0.606816815914484, -11.315058599602642]
Position: [0.14011222777557253, -1.2100665053495216, 94.7162119197612], Rotation: [5.625885538336068, 4.932112513294038, 5.135810333144939], Velocity: [0.0716544645258416, -0.6295513152912027, -11.41457277546041]
Position: [0.14082877242083094, -1.2163620185024338, 94.6010851920066], Rotation: [5.642768468336069, 4.915787583294039, 5.135810333144939], Velocity: [0.07433805335057758, -0.6522858146679213, -11.514086951318179]
Position: [0.14157215295433673, -1.222884876649113, 94.48496332249341], Rotation: [5.659651398336069, 4.899462653294039, 5.135810333144939], Velocity: [0.07702164217531357, -0.67502031404464, -11.613601127175947]
Position: [0.14234236937608985, -1.2296350797895594, 94.36784631122165], Rotation: [5.67653432833607, 4.883137723294039, 5.135810333144939], Velocity: [0.07970523100004956, -0.6977548134213587, -11.713115303033716]
Position: [0.14313942168609034, -1.236612627923773, 94.24973415819132], Rotation: [5.69341725833607, 4.86681279329404, 5.135810333144939], Velocity: [0.08238881982478555, -0.7204893127980774, -11.812629478891484]
Position: [0.1439633098843382, -1.2438175210517537, 94.1306268634024], Rotation: [5.7103001883360704, 4.85048786329404, 5.135810333144939], Velocity: [0.08507240864952154, -0.743223812174796, -11.912143654749253]
Position: [0.14481403397083342, -1.2512497591735017, 94.0105244268549], Rotation: [5.727183118336071, 4.83416293329404, 5.135810333144939], Velocity: [0.08775599747425752, -0.7659583115515147, -12.011657830607021]
Position: [0.145691593945576, -1.2589093422890167, 93.88942684854884], Rotation: [5.744066048336071, 4.817838003294041, 5.135810333144939], Velocity: [0.09043958629899351, -0.7886928109282334, -12.11117200646479]
Position: [0.14659598980856592, -1.2667962703982991, 93.7673341284842], Rotation: [5.760948978336072, 4.801513073294041, 5.135810333144939], Velocity: [0.0931231751237295, -0.8114273103049521, -12.210686182322558]
Position: [0.14752722155980322, -1.2749105435013486, 93.64424626666097], Rotation: [5.777831908336072, 4.785188143294041, 5.135810333144939], Velocity: [0.09580676394846549, -0.8341618096816708, -12.310200358180326]
Position: [0.14848528919928788, -1.2832521615981654, 93.52016326307917], Rotation: [5.7947148383360725, 4.768863213294042, 5.135810333144939], Velocity: [0.09849035277320148, -0.8568963090583894, -12.409714534038095]
Position: [0.1494701927270199, -1.2918211246887492, 93.39508511773879], Rotation: [5.811597768336073, 4.752538283294042, 5.135810333144939], Velocity: [0.10117394159793747, -0.8796308084351081, -12.509228709895863]
Position: [0.15048193214299926, -1.3006174327731004, 93.26901183063983], Rotation: [5.828480698336073, 4.736213353294042, 5.135810333144939], Velocity: [0.10385753042267346, -0.9023653078118268, -12.608742885753632]
Position: [0.151520507447226, -1.3096410858512186, 93.14194340178229], Rotation: [5.845363628336074, 4.719888423294043, 5.135810333144939], Velocity: [0.10654111924740944, -0.9250998071885455, -12.7082570616114]
Position: [0.1525859186397001, -1.3188920839231042, 93.01387983116616], Rotation: [5.862246558336074, 4.703563493294043, 5.135810333144939], Velocity: [0.10922470807214543, -0.9478343065652641, -12.807771237469169]
Position: [0.15367816572042156, -1.3283704269887568, 92.88482111879148], Rotation: [5.8791294883360745, 4.687238563294043, 5.135810333144939], Velocity: [0.11190829689688142, -0.9705688059419828, -12.907285413326937]
Position: [0.15479724868939038, -1.3380761150481766, 92.75476726465821], Rotation: [5.896012418336075, 4.6709136332940435, 5.135810333144939], Velocity: [0.11459188572161741, -0.9933033053187015, -13.006799589184705]
Position: [0.15594316754660656, -1.3480091481013636, 92.62371826876637], Rotation: [5.912895348336075, 4.654588703294044, 5.135810333144939], Velocity: [0.1172754745463534, -1.0160378046954202, -13.106313765042474]
Position: [0.15711592229207008, -1.3581695261483178, 92.49167413111594], Rotation: [5.929778278336076, 4.638263773294044, 5.135810333144939], Velocity: [0.11995906337108939, -1.0387723040721388, -13.205827940900242]
Position: [0.15831551292578097, -1.3685572491890392, 92.35863485170694], Rotation: [5.946661208336076, 4.6219388432940445, 5.135810333144939], Velocity: [0.12264265219582537, -1.0615068034488575, -13.30534211675801]
Position: [0.15954193944773923, -1.3791723172235277, 92.22460043053935], Rotation: [5.9635441383360765, 4.605613913294045, 5.135810333144939], Velocity: [0.12532624102056136, -1.0842413028255762, -13.40485629261578]
Position: [0.16079520185794485, -1.3900147302517836, 92.08957086761319], Rotation: [5.980427068336077, 4.589288983294045, 5.135810333144939], Velocity: [0.12800982984529735, -1.1069758022022949, -13.504370468473548]
Position: [0.16207530015639782, -1.4010844882738065, 91.95354616292846], Rotation: [5.997309998336077, 4.572964053294045, 5.135810333144939], Velocity: [0.13069341867003334, -1.1297103015790135, -13.603884644331316]
Position: [0.16338223434309815, -1.4123815912895967, 91.81652631648515], Rotation: [6.014192928336078, 4.556639123294046, 5.135810333144939], Velocity: [0.13337700749476933, -1.1524448009557322, -13.703398820189085]
Position: [0.16471600441804585, -1.423906039299154, 91.67851132828326], Rotation: [6.031075858336078, 4.540314193294046, 5.135810333144939], Velocity: [0.13606059631950532, -1.1751793003324509, -13.802912996046853]
Position: [0.1660766103812409, -1.4356578323024785, 91.5395011983228], Rotation: [6.047958788336079, 4.523989263294046, 5.135810333144939], Velocity: [0.1387441851442413, -1.1979137997091696, -13.902427171904622]
Position: [0.16746405223268332, -1.4476369702995702, 91.39949592660375], Rotation: [6.064841718336079, 4.507664333294047, 5.135810333144939], Velocity: [0.1414277739689773, -1.2206482990858882, -14.00194134776239]
Position: [0.1688783299723731, -1.459843453290429, 91.25849551312612], Rotation: [6.081730408336079, 4.511950983294047, 5.135810333144939], Velocity: [0.13768589515064056, -1.18910438779075, -14.030534470224593]
Position: [0.1702551889238795, -1.4717344971683364, 91.11720916842387], Rotation: [6.098619098336079, 4.516237633294047, 5.135810333144939], Velocity: [0.13394401633230382, -1.1575604764956116, -14.059127592686796]
Position: [0.17159462908720255, -1.4833101019332924, 90.97563689249701], Rotation: [6.115507788336079, 4.520524283294047, 5.135810333144939], Velocity: [0.1302021375139671, -1.1260165652004732, -14.087720715148999]
Position: [0.17289665046234223, -1.4945702675852972, 90.83377868534552], Rotation: [6.132396478336079, 4.524810933294047, 5.135810333144939], Velocity: [0.12646025869563035, -1.0944726539053349, -14.116313837611202]
Position: [0.17416125304929853, -1.5055149941243506, 90.69163454696941], Rotation: [6.149285168336079, 4.529097583294047, 5.135810333144939], Velocity: [0.12271837987729362, -1.0629287426101965, -14.144906960073405]
Position: [0.17538843684807146, -1.5161442815504527, 90.54920447736868], Rotation: [6.166173858336079, 4.533384233294047, 5.135810333144939], Velocity: [0.11897650105895688, -1.0313848313150582, -14.173500082535607]
Position: [0.17657820185866102, -1.5264581298636033, 90.40648847654332], Rotation: [6.183062548336079, 4.537670883294047, 5.135810333144939], Velocity: [0.11523462224062014, -0.9998409200199198, -14.20209320499781]
Position: [0.17773054808106722, -1.5364565390638025, 90.26348654449333], Rotation: [6.199951238336079, 4.541957533294047, 5.135810333144939], Velocity: [0.11149274342228341, -0.9682970087247813, -14.230686327460013]
Position: [0.17884547551529006, -1.5461395091510504, 90.12019868121874], Rotation: [6.216839928336079, 4.546244183294047, 5.135810333144939], Velocity: [0.10775086460394667, -0.9367530974296429, -14.259279449922216]
Position: [0.17992298416132954, -1.5555070401253468, 89.97662488671952], Rotation: [6.233728618336079, 4.550530833294047, 5.135810333144939], Velocity: [0.10400898578560994, -0.9052091861345044, -14.287872572384419]
Position: [0.18096307401918563, -1.5645591319866918, 89.83276516099568], Rotation: [6.250617308336079, 4.554817483294047, 5.135810333144939], Velocity: [0.1002671069672732, -0.873665274839366, -14.316465694846622]
Position: [0.18196574508885835, -1.5732957847350855, 89.68861950404721], Rotation: [6.2675059983360795, 4.559104133294047, 5.135810333144939], Velocity: [0.09652522814893646, -0.8421213635442275, -14.345058817308825]
Position: [0.1829309973703477, -1.5817169983705277, 89.54418791587412], Rotation: [6.2843946883360795, 4.5633907832940475, 5.135810333144939], Velocity: [0.09278334933059973, -0.8105774522490891, -14.373651939771028]
Position: [0.1838588308636537, -1.5898227728930185, 89.3994703964764], Rotation: [6.3012833783360795, 4.5676774332940475, 5.135810333144939], Velocity: [0.089041470512263, -0.7790335409539506, -14.40224506223323]
Position: [0.18474924556877634, -1.597613108302558, 89.25446694585408], Rotation: [6.31817206833608, 4.571964083294048, 5.135810333144939], Velocity: [0.08529959169392626, -0.7474896296588122, -14.430838184695434]
Position: [0.1856022414857156, -1.605088004599146, 89.10917756400713], Rotation: [6.33506075833608, 4.576250733294048, 5.135810333144939], Velocity: [0.08155771287558952, -0.7159457183636737, -14.459431307157637]
Position: [0.18641781861447151, -1.6122474617827827, 88.96360225093555], Rotation: [6.35194944833608, 4.580537383294048, 5.135810333144939], Velocity: [0.07781583405725279, -0.6844018070685353, -14.48802442961984]
Position: [0.18719597695504403, -1.619091479853468, 88.81774100663935], Rotation: [6.36883813833608, 4.584824033294048, 5.135810333144939], Velocity: [0.07407395523891605, -0.6528578957733968, -14.516617552082042]
Position: [0.18793671650743318, -1.625620058811202, 88.67159383111853], Rotation: [6.38572682833608, 4.589110683294048, 5.135810333144939], Velocity: [0.07033207642057931, -0.6213139844782584, -14.545210674544245]
Position: [0.18864003727163897, -1.6318331986559846, 88.52516072437308], Rotation: [6.40261551833608, 4.593397333294048, 5.135810333144939], Velocity: [0.06659019760224258, -0.5897700731831199, -14.573803797006448]
Position: [0.1893059392476614, -1.637730899387816, 88.37844168640302], Rotation: [6.41950420833608, 4.597683983294048, 5.135810333144939], Velocity: [0.06284831878390584, -0.5582261618879815, -14.602396919468651]
Position: [0.18993442243550046, -1.6433131610066958, 88.23143671720834], Rotation: [6.43639289833608, 4.601970633294048, 5.135810333144939], Velocity: [0.0591064399655691, -0.526682250592843, -14.630990041930854]
Position: [0.19052548683515616, -1.6485799835126242, 88.08414581678903], Rotation: [6.45328158833608, 4.606257283294048, 5.135810333144939], Velocity: [0.05536456114723236, -0.49513833929770457, -14.659583164393057]
Position: [0.1910791324466285, -1.6535313669056013, 87.9365689851451], Rotation: [6.47017027833608, 4.610543933294048, 5.135810333144939], Velocity: [0.051622682328895615, -0.4635944280025661, -14.68817628685526]
Position: [0.19159535926991744, -1.658167311185627, 87.78870622227655], Rotation: [6.48705896833608, 4.614830583294048, 5.135810333144939], Velocity: [0.04788080351055887, -0.43205051670742767, -14.716769409317463]
Position: [0.19207416730502302, -1.6624878163527013, 87.64055752818336], Rotation: [6.50394765833608, 4.619117233294048, 5.135810333144939], Velocity: [0.04413892469222213, -0.4005066054122892, -14.745362531779666]
Position: [0.19251555655194524, -1.6664928824068241, 87.49212290286557], Rotation: [6.52083634833608, 4.623403883294048, 5.135810333144939], Velocity: [0.04039704587388539, -0.36896269411715077, -14.773955654241869]
Position: [0.1929195270106841, -1.6701825093479956, 87.34340234632316], Rotation: [6.53772503833608, 4.627690533294048, 5.135810333144939], Velocity: [0.036655167055548644, -0.3374187828220123, -14.802548776704072]
Position: [0.1932860786812396, -1.6735566971762157, 87.19439585855612], Rotation: [6.55461372833608, 4.631977183294048, 5.135810333144939], Velocity: [0.0329132882372119, -0.30587487152687387, -14.831141899166274]
Position: [0.19361521156361172, -1.6766154458914844, 87.04510343956446], Rotation: [6.57150241833608, 4.6362638332940485, 5.135810333144939], Velocity: [0.029171409418875163, -0.2743309602317354, -14.859735021628477]
Position: [0.19390692565780046, -1.6793587554938016, 86.89552508934817], Rotation: [6.58839110833608, 4.6405504832940485, 5.135810333144939], Velocity: [0.025429530600538423, -0.242787048936597, -14.88832814409068]
Position: [0.19416122096380584, -1.6817866259831675, 86.74566080790726], Rotation: [6.60527979833608, 4.644837133294049, 5.135810333144939], Velocity: [0.021687651782201684, -0.21124313764145858, -14.916921266552883]
Position: [0.19437809748162785, -1.683899057359582, 86.59551059524173], Rotation: [6.62217615833608, 4.6697334432940485, 5.135810333144939], Velocity: [0.01940002368834991, -0.19208414309506566, -15.040299630925036]
Position: [0.19457209771851136, -1.6858198987905326, 86.44412659893248], Rotation: [6.6390725183360795, 4.694629753294048, 5.135810333144939], Velocity: [0.017112395594498137, -0.17292514854867275, -15.163677995297189]
Position: [0.19474322167445635, -1.6875491502760194, 86.29150881897951], Rotation: [6.655968878336079, 4.719526063294048, 5.135810333144939], Velocity: [0.014824767500646364, -0.15376615400227983, -15.287056359669341]
Position: [0.1948914693494628, -1.6890868118160423, 86.13765725538282], Rotation: [6.672865238336079, 4.744422373294048, 5.135810333144939], Velocity: [0.01253713940679459, -0.13460715945588692, -15.410434724041494]
Position: [0.19501684074353076, -1.690432883410601, 85.9825719081424], Rotation: [6.689761598336078, 4.769318683294048, 5.135810333144939], Velocity: [0.010249511312942817, -0.115448164909494, -15.533813088413646]
Position: [0.1951193358566602, -1.691587365059696, 85.82625277725826], Rotation: [6.706657958336078, 4.794214993294048, 5.135810333144939], Velocity: [0.007961883219091043, -0.09628917036310108, -15.6571914527858]
Position: [0.1951989546888511, -1.692550256763327, 85.6686998627304], Rotation: [6.7235543183360775, 4.819111303294048, 5.135810333144939], Velocity: [0.00567425512523927, -0.07713017581670817, -15.780569817157952]
Position: [0.1952556972401035, -1.693321558521494, 85.50991316455882], Rotation: [6.740450678336077, 4.844007613294048, 5.135810333144939], Velocity: [0.003386627031387496, -0.05797118127031526, -15.903948181530104]
Position: [0.19528956351041737, -1.6939012703341971, 85.34989268274353], Rotation: [6.757347038336077, 4.868903923294048, 5.135810333144939], Velocity: [0.0010989989375357221, -0.03881218672392235, -16.027326545902255]
Position: [0.19530055349979272, -1.6942893922014364, 85.18863841728451], Rotation: [6.774243398336076, 4.893800233294048, 5.135810333144939], Velocity: [-0.0011886291563160518, -0.019653192177529442, -16.150704910274406]
Position: [0.19528866720822957, -1.6944859241232118, 85.02615036818176], Rotation: [6.791139758336076, 4.918696543294048, 5.135810333144939], Velocity: [-0.0034762572501678256, -0.0004941976311365337, -16.274083274646557]
Position: [0.1952539046357279, -1.694490866099523, 84.8624285354353], Rotation: [6.808036118336076, 4.943592853294048, 5.135810333144939], Velocity: [-0.005763885344019599, 0.018664796915256375, -16.397461639018708]
Position: [0.1951962657822877, -1.6943042181303705, 84.69747291904511], Rotation: [6.824932478336075, 4.9684891632940476, 5.135810333144939], Velocity: [-0.008051513437871373, 0.037823791461649284, -16.52084000339086]
Position: [0.19511575064790898, -1.693925980215754, 84.5312835190112], Rotation: [6.841828838336075, 4.9933854732940475, 5.135810333144939], Velocity: [-0.010339141531723146, 0.05698278600804219, -16.64421836776301]
Position: [0.19501235923259175, -1.6933561523556735, 84.36386033533357], Rotation: [6.858725198336074, 5.018281783294047, 5.135810333144939], Velocity: [-0.01262676962557492, 0.0761417805544351, -16.76759673213516]
Position: [0.194886091536336, -1.692594734550129, 84.19520336801222], Rotation: [6.875621558336074, 5.043178093294047, 5.135810333144939], Velocity: [-0.014914397719426693, 0.09530077510082802, -16.89097509650731]
Position: [0.19473694755914173, -1.6916417267991208, 84.02531261704715], Rotation: [6.892517918336074, 5.068074403294047, 5.135810333144939], Velocity: [-0.017202025813278468, 0.11445976964722093, -17.014353460879462]
Position: [0.19456492730100894, -1.6904971291026487, 83.85418808243836], Rotation: [6.909414278336073, 5.092970713294047, 5.135810333144939], Velocity: [-0.01948965390713024, 0.13361876419361385, -17.137731825251613]
Position: [0.19437003076193762, -1.6891609414607125, 83.68182976418584], Rotation: [6.926310638336073, 5.117867023294047, 5.135810333144939], Velocity: [-0.021777282000982015, 0.15277775874000676, -17.261110189623764]
Position: [0.1941522579419278, -1.6876331638733124, 83.5082376622896], Rotation: [6.9432069983360725, 5.142763333294047, 5.135810333144939], Velocity: [-0.02406491009483379, 0.17193675328639968, -17.384488553995915]
Position: [0.19391160884097947, -1.6859137963404485, 83.33341177674964], Rotation: [6.960103358336072, 5.167659643294047, 5.135810333144939], Velocity: [-0.026352538188685562, 0.1910957478327926, -17.507866918368066]
Position: [0.19364808345909262, -1.6840028388621204, 83.15735210756596], Rotation: [6.976999718336072, 5.192555953294047, 5.135810333144939], Velocity: [-0.028640166282537335, 0.2102547423791855, -17.631245282740217]
Position: [0.19336168179626725, -1.6819002914383285, 82.98005865473856], Rotation: [6.993896078336071, 5.217452263294047, 5.135810333144939], Velocity: [-0.03092779437638911, 0.22941373692557843, -17.754623647112368]
Position: [0.19305240385250336, -1.6796061540690728, 82.80153141826743], Rotation: [7.010792438336071, 5.242348573294047, 5.135810333144939], Velocity: [-0.03321542247024088, 0.24857273147197134, -17.87800201148452]
Position: [0.19272024962780096, -1.6771204267543531, 82.62177039815259], Rotation: [7.0276887983360705, 5.267244883294047, 5.135810333144939], Velocity: [-0.035503050564092656, 0.26773172601836426, -18.00138037585667]
Position: [0.19236521912216004, -1.6744431094941694, 82.44077559439403], Rotation: [7.04458515833607, 5.2921411932940465, 5.135810333144939], Velocity: [-0.03779067865794443, 0.2868907205647572, -18.12475874022882]
Position: [0.19198731233558058, -1.6715742022885218, 82.25854700699173], Rotation: [7.06148151833607, 5.3170375032940465, 5.135810333144939], Velocity: [-0.0400783067517962, 0.3060497151111501, -18.24813710460097]
Position: [0.19158652926806263, -1.6685137051374104, 82.07508463594573], Rotation: [7.078377878336069, 5.341933813294046, 5.135810333144939], Velocity: [-0.042365934845647976, 0.325208709657543, -18.371515468973122]
Position: [0.19116286991960615, -1.6652616180408348, 81.890388481256], Rotation: [7.095274238336069, 5.366830123294046, 5.135810333144939], Velocity: [-0.04465356293949975, 0.3443677042039359, -18.494893833345273]
Position: [0.19071633429021115, -1.6618179409987954, 81.70445854292254], Rotation: [7.112170598336069, 5.391726433294046, 5.135810333144939], Velocity: [-0.04694119103335152, 0.36352669875032884, -18.618272197717424]
Position: [0.19024692237987764, -1.6581826740112922, 81.51729482094537], Rotation: [7.129066958336068, 5.416622743294046, 5.135810333144939], Velocity: [-0.0492288191272033, 0.38268569329672175, -18.741650562089575]
Position: [0.1897546341886056, -1.654355817078325, 81.32889731532447], Rotation: [7.145963318336068, 5.441519053294046, 5.135810333144939], Velocity: [-0.05151644722105507, 0.40184468784311467, -18.865028926461726]
Position: [0.18923946971639505, -1.6503373701998938, 81.13926602605986], Rotation: [7.162865428336068, 5.424191253294046, 5.135810333144939], Velocity: [-0.04148956416000435, 0.3182772604986124, -18.97688308492986]
Position: [0.188824574074795, -1.6471545975949076, 80.94851619521056], Rotation: [7.179767538336068, 5.406863453294045, 5.135810333144939], Velocity: [-0.03146268109895363, 0.2347098331541101, -19.088737243397993]
Position: [0.18850994726380546, -1.6448074992633666, 80.75664782277659], Rotation: [7.196669648336068, 5.389535653294045, 5.135810333144939], Velocity: [-0.02143579803790291, 0.1511424058096078, -19.200591401866127]
Position: [0.18829558928342643, -1.6432960752052705, 80.56366090875792], Rotation: [7.213571758336069, 5.372207853294045, 5.135810333144939], Velocity: [-0.01140891497685219, 0.06757497846510552, -19.31244556033426]
Position: [0.18818150013365792, -1.6426203254206195, 80.36955545315458], Rotation: [7.230473868336069, 5.354880053294044, 5.135810333144939], Velocity: [-0.0013820319158014717, -0.01599244887939677, -19.424299718802395]
Position: [0.18816767981449992, -1.6427802499094135, 80.17433145596655], Rotation: [7.247375978336069, 5.337552253294044, 5.135810333144939], Velocity: [0.008644851145249247, -0.09955987622389906, -19.53615387727053]
Position: [0.1882541283259524, -1.6437758486716525, 79.97798891719384], Rotation: [7.264278088336069, 5.320224453294044, 5.135810333144939], Velocity: [0.018671734206299966, -0.18312730356840135, -19.648008035738663]
Position: [0.1884408456680154, -1.6456071217073365, 79.78052783683646], Rotation: [7.281180198336069, 5.302896653294043, 5.135810333144939], Velocity: [0.028698617267350686, -0.26669473091290363, -19.759862194206796]
Position: [0.1887278318406889, -1.6482740690164654, 79.58194821489438], Rotation: [7.2980823083360695, 5.285568853294043, 5.135810333144939], Velocity: [0.038725500328401406, -0.3502621582574059, -19.87171635267493]
Position: [0.1891150868439729, -1.6517766905990394, 79.38225005136763], Rotation: [7.31498441833607, 5.268241053294043, 5.135810333144939], Velocity: [0.04875238338945213, -0.4338295856019082, -19.983570511143064]
Position: [0.18960261067786743, -1.6561149864550586, 79.1814333462562], Rotation: [7.33188652833607, 5.250913253294042, 5.135810333144939], Velocity: [0.05877926645050285, -0.5173970129464105, -20.095424669611198]
Position: [0.19019040334237247, -1.6612889565845228, 78.97949809956009], Rotation: [7.34878863833607, 5.233585453294042, 5.135810333144939], Velocity: [0.06880614951155356, -0.6009644402909128, -20.207278828079332]
Position: [0.190878464837488, -1.667298600987432, 78.77644431127929], Rotation: [7.36569074833607, 5.216257653294042, 5.135810333144939], Velocity: [0.07883303257260428, -0.6845318676354151, -20.319132986547466]
Position: [0.19166679516321403, -1.6741439196637862, 78.57227198141382], Rotation: [7.3825928583360705, 5.198929853294041, 5.135810333144939], Velocity: [0.088859915633655, -0.7680992949799174, -20.4309871450156]
Position: [0.19255539431955057, -1.6818249126135854, 78.36698110996366], Rotation: [7.399494968336071, 5.181602053294041, 5.135810333144939], Velocity: [0.09888679869470572, -0.8516667223244196, -20.542841303483733]
Position: [0.19354426230649763, -1.6903415798368295, 78.16057169692883], Rotation: [7.416397078336071, 5.164274253294041, 5.135810333144939], Velocity: [0.10891368175575644, -0.9352341496689219, -20.654695461951867]
Position: [0.1946333991240552, -1.6996939213335187, 77.9530437423093], Rotation: [7.433299188336071, 5.14694645329404, 5.135810333144939], Velocity: [0.11894056481680716, -1.0188015770134242, -20.76654962042]
Position: [0.19582280477222327, -1.7098819371036529, 77.74439724610511], Rotation: [7.450201298336071, 5.12961865329404, 5.135810333144939], Velocity: [0.12896744787785788, -1.1023690043579264, -20.878403778888135]
Position: [0.19711247925100187, -1.720905627147232, 77.53463220831622], Rotation: [7.4671034083360714, 5.11229085329404, 5.135810333144939], Velocity: [0.1389943309389086, -1.1859364317024288, -20.99025793735627]
Position: [0.19850242256039094, -1.7327649914642564, 77.32374862894267], Rotation: [7.484005518336072, 5.094963053294039, 5.135810333144939], Velocity: [0.1490212139999593, -1.2695038590469312, -21.102112095824403]
Position: [0.19999263470039053, -1.7454600300547258, 77.11174650798442], Rotation: [7.500907628336072, 5.077635253294039, 5.135810333144939], Velocity: [0.15904809706101, -1.3530712863914336, -21.213966254292536]
Position: [0.20158311567100062, -1.7589907429186402, 76.8986258454415], Rotation: [7.517809738336072, 5.060307453294039, 5.135810333144939], Velocity: [0.1690749801220607, -1.436638713735936, -21.32582041276067]
Position: [0.20327386547222123, -1.7733571300559996, 76.68438664131389], Rotation: [7.534711848336072, 5.042979653294038, 5.135810333144939], Velocity: [0.17910186318311141, -1.5202061410804384, -21.437674571228804]
Position: [0.20506488410405235, -1.788559191466804, 76.46902889560161], Rotation: [7.551613958336072, 5.025651853294038, 5.135810333144939], Velocity: [0.18912874624416212, -1.6037735684249408, -21.549528729696938]
Position: [0.20695617156649398, -1.8045969271510534, 76.25255260830464], Rotation: [7.568516068336073, 5.008324053294038, 5.135810333144939], Velocity: [0.19915562930521283, -1.6873409957694432, -21.661382888165072]
Position: [0.2089477278595461, -1.8214703371087477, 76.034957779423], Rotation: [7.585418178336073, 4.990996253294037, 5.135810333144939], Velocity: [0.20918251236626353, -1.7709084231139456, -21.773237046633206]
Position: [0.21103955298320873, -1.839179421339887, 75.81624440895666], Rotation: [7.602320288336073, 4.973668453294037, 5.135810333144939], Velocity: [0.21920939542731424, -1.854475850458448, -21.88509120510134]
Position: [0.21323164693748187, -1.8577241798444715, 75.59641249690566], Rotation: [7.619222398336073, 4.956340653294037, 5.135810333144939], Velocity: [0.22923627848836495, -1.9380432778029504, -21.996945363569473]
Position: [0.21552400972236552, -1.877104612622501, 75.37546204326996], Rotation: [7.636124508336073, 4.939012853294036, 5.135810333144939], Velocity: [0.23926316154941565, -2.021610705147453, -22.108799522037607]
Position: [0.21791664133785968, -1.8973207196739756, 75.15339304804958], Rotation: [7.653026618336074, 4.921685053294036, 5.135810333144939], Velocity: [0.24929004461046636, -2.105178132491955, -22.22065368050574]
Position: [0.22040954178396435, -1.9183725009988952, 74.93020551124452], Rotation: [7.669928728336074, 4.904357253294036, 5.135810333144939], Velocity: [0.2593169276715171, -2.1887455598364576, -22.332507838973875]
Position: [0.22300271106067954, -1.9402599565972598, 74.70589943285478], Rotation: [7.686836588336074, 4.907641033294036, 5.135810333144939], Velocity: [0.2577471522069415, -2.1757258177498677, -22.39211793228425]
Position: [0.22558018258274895, -1.9620172147747585, 74.48099725353194], Rotation: [7.7037444483360735, 4.910924813294036, 5.135810333144939], Velocity: [0.2561773767423659, -2.162706075663278, -22.451728025594626]
Position: [0.22814195635017262, -1.9836442755313912, 74.25549897327599], Rotation: [7.720652308336073, 4.9142085932940365, 5.135810333144939], Velocity: [0.2546076012777903, -2.149686333576688, -22.511338118905]
Position: [0.23068803236295052, -2.0051411388671583, 74.02940459208693], Rotation: [7.737560168336073, 4.917492373294037, 5.135810333144939], Velocity: [0.2530378258132147, -2.136666591490098, -22.570948212215377]
Position: [0.23321841062108267, -2.0265078047820593, 73.80271410996478], Rotation: [7.754468028336073, 4.920776153294037, 5.135810333144939], Velocity: [0.2514680503486391, -2.1236468494035083, -22.630558305525753]
Position: [0.23573309112456906, -2.0477442732760944, 73.57542752690952], Rotation: [7.771375888336073, 4.924059933294037, 5.135810333144939], Velocity: [0.24989827488406352, -2.1106271073169185, -22.69016839883613]
Position: [0.2382320738734097, -2.0688505443492637, 73.34754484292117], Rotation: [7.788283748336073, 4.927343713294038, 5.135810333144939], Velocity: [0.24832849941948792, -2.0976073652303286, -22.749778492146504]
Position: [0.24071535886760456, -2.089826618001567, 73.1190660579997], Rotation: [7.805191608336073, 4.930627493294038, 5.135810333144939], Velocity: [0.24675872395491233, -2.084587623143739, -22.80938858545688]
Position: [0.24318294610715369, -2.1106724942330044, 72.88999117214513], Rotation: [7.822099468336073, 4.933911273294038, 5.135810333144939], Velocity: [0.24518894849033673, -2.071567881057149, -22.868998678767255]
Position: [0.24563483559205707, -2.1313881730435758, 72.66032018535746], Rotation: [7.839007328336073, 4.9371950532940385, 5.135810333144939], Velocity: [0.24361917302576114, -2.058548138970559, -22.92860877207763]
Position: [0.24807102732231467, -2.1519736544332813, 72.43005309763669], Rotation: [7.8559151883360725, 4.940478833294039, 5.135810333144939], Velocity: [0.24204939756118554, -2.0455283968839693, -22.988218865388006]
Position: [0.2504915212979265, -2.172428938402121, 72.1991899089828], Rotation: [7.872823048336072, 4.943762613294039, 5.135810333144939], Velocity: [0.24047962209660995, -2.0325086547973794, -23.047828958698382]
Position: [0.25289631751889263, -2.1927540249500947, 71.96773061939582], Rotation: [7.889730908336072, 4.947046393294039, 5.135810333144939], Velocity: [0.23890984663203435, -2.0194889127107896, -23.107439052008758]
Position: [0.255285415985213, -2.2129489140772027, 71.73567522887573], Rotation: [7.906638768336072, 4.95033017329404, 5.135810333144939], Velocity: [0.23734007116745875, -2.0064691706241997, -23.167049145319133]
Position: [0.25765881669688756, -2.233013605783445, 71.50302373742254], Rotation: [7.923546628336072, 4.95361395329404, 5.135810333144939], Velocity: [0.23577029570288316, -1.9934494285376099, -23.22665923862951]
Position: [0.26001651965391637, -2.252948100068821, 71.26977614503625], Rotation: [7.940454488336072, 4.95689773329404, 5.135810333144939], Velocity: [0.23420052023830756, -1.98042968645102, -23.286269331939884]
Position: [0.26235852485629946, -2.272752396933331, 71.03593245171685], Rotation: [7.957362348336072, 4.960181513294041, 5.135810333144939], Velocity: [0.23263074477373197, -1.9674099443644302, -23.34587942525026]
Position: [0.2646848323040368, -2.2924264963769754, 70.80149265746434], Rotation: [7.974270208336072, 4.963465293294041, 5.135810333144939], Velocity: [0.23106096930915637, -1.9543902022778403, -23.405489518560636]
Position: [0.2669954419971283, -2.3119703983997537, 70.56645676227873], Rotation: [7.991178068336072, 4.966749073294041, 5.135810333144939], Velocity: [0.22949119384458078, -1.9413704601912505, -23.46509961187101]
Position: [0.26929035393557416, -2.331384103001666, 70.33082476616002], Rotation: [8.008085928336072, 4.970032853294041, 5.135810333144939], Velocity: [0.22792141838000518, -1.9283507181046606, -23.524709705181387]
Position: [0.2715695681193742, -2.350667610182713, 70.09459666910821], Rotation: [8.024993788336072, 4.973316633294042, 5.135810333144939], Velocity: [0.22635164291542959, -1.9153309760180708, -23.584319798491762]
Position: [0.2738330845485285, -2.3698209199428937, 69.8577724711233], Rotation: [8.041901648336072, 4.976600413294042, 5.135810333144939], Velocity: [0.224781867450854, -1.902311233931481, -23.643929891802138]
Position: [0.276080903223037, -2.3888440322822087, 69.62035217220527], Rotation: [8.058809508336072, 4.979884193294042, 5.135810333144939], Velocity: [0.2232120919862784, -1.889291491844891, -23.703539985112513]
Position: [0.2783130241428998, -2.4077369472006573, 69.38233577235415], Rotation: [8.075717368336072, 4.983167973294043, 5.135810333144939], Velocity: [0.2216423165217028, -1.8762717497583012, -23.76315007842289]
Position: [0.28052944730811685, -2.42649966469824, 69.14372327156993], Rotation: [8.092625228336072, 4.986451753294043, 5.135810333144939], Velocity: [0.2200725410571272, -1.8632520076717114, -23.822760171733265]
Position: [0.2827301727186881, -2.445132184774957, 68.90451466985259], Rotation: [8.109533088336072, 4.989735533294043, 5.135810333144939], Velocity: [0.2185027655925516, -1.8502322655851215, -23.88237026504364]
Position: [0.28491520037461365, -2.4636345074308084, 68.66470996720216], Rotation: [8.126440948336072, 4.9930193132940435, 5.135810333144939], Velocity: [0.216932990127976, -1.8372125234985317, -23.941980358354016]
Position: [0.2870845302758934, -2.4820066326657937, 68.42430916361862], Rotation: [8.143348808336071, 4.996303093294044, 5.135810333144939], Velocity: [0.21536321466340042, -1.8241927814119419, -24.00159045166439]
Position: [0.2892381624225274, -2.500248560479913, 68.18331225910197], Rotation: [8.160256668336071, 4.999586873294044, 5.135810333144939], Velocity: [0.21379343919882482, -1.811173039325352, -24.061200544974767]
Position: [0.29137609681451565, -2.518360290873167, 67.94171925365222], Rotation: [8.177164528336071, 5.002870653294044, 5.135810333144939], Velocity: [0.21222366373424922, -1.7981532972387622, -24.120810638285143]
Position: [0.29349833345185816, -2.5363418238455546, 67.69953014726937], Rotation: [8.194072388336071, 5.006154433294045, 5.135810333144939], Velocity: [0.21065388826967363, -1.7851335551521723, -24.180420731595518]
Position: [0.2956048723345549, -2.554193159397076, 67.45674493995341], Rotation: [8.210980248336071, 5.009438213294045, 5.135810333144939], Velocity: [0.20908411280509803, -1.7721138130655825, -24.240030824905894]
Position: [0.29769571346260587, -2.571914297527732, 67.21336363170435], Rotation: [8.22789385833607, 5.033331653294045, 5.135810333144939], Velocity: [0.20134724207526436, -1.7082530913352119, -24.406871268772374]
Position: [0.29970918588335854, -2.588996828441084, 66.96831391901664], Rotation: [8.24480746833607, 5.057225093294045, 5.135810333144939], Velocity: [0.1936103713454307, -1.6443923696048413, -24.573711712638854]
Position: [0.30164528959681286, -2.6054407521371323, 66.72159580189025], Rotation: [8.26172107833607, 5.081118533294045, 5.135810333144939], Velocity: [0.18587350061559701, -1.5805316478744706, -24.740552156505334]
Position: [0.3035040246029688, -2.621246068615877, 66.4732092803252], Rotation: [8.27863468833607, 5.1050119732940455, 5.135810333144939], Velocity: [0.17813662988576334, -1.5166709261441, -24.907392600371814]
Position: [0.30528539090182644, -2.636412777877318, 66.22315435432148], Rotation: [8.295548298336069, 5.128905413294046, 5.135810333144939], Velocity: [0.17039975915592967, -1.4528102044137294, -25.074233044238294]
Position: [0.30698938849338575, -2.6509408799214556, 65.97143102387909], Rotation: [8.312461908336068, 5.152798853294046, 5.135810333144939], Velocity: [0.162662888426096, -1.3889494826833588, -25.241073488104774]
Position: [0.3086160173776467, -2.664830374748289, 65.71803928899804], Rotation: [8.329375518336068, 5.176692293294046, 5.135810333144939], Velocity: [0.15492601769626232, -1.3250887609529882, -25.407913931971255]
Position: [0.3101652775546093, -2.678081262357819, 65.46297914967833], Rotation: [8.346289128336068, 5.200585733294046, 5.135810333144939], Velocity: [0.14718914696642865, -1.2612280392226176, -25.574754375837735]
Position: [0.31163716902427363, -2.6906935427500454, 65.20625060591996], Rotation: [8.363202738336067, 5.224479173294046, 5.135810333144939], Velocity: [0.13945227623659498, -1.197367317492247, -25.741594819704215]
Position: [0.3130316917866396, -2.7026672159249676, 64.94785365772292], Rotation: [8.380116348336067, 5.2483726132940465, 5.135810333144939], Velocity: [0.1317154055067613, -1.1335065957618764, -25.908435263570695]
Position: [0.3143488458417072, -2.7140022818825864, 64.68778830508721], Rotation: [8.397029958336066, 5.272266053294047, 5.135810333144939], Velocity: [0.12397853477692765, -1.0696458740315058, -26.075275707437175]
Position: [0.31558863118947644, -2.7246987406229013, 64.42605454801284], Rotation: [8.413943568336066, 5.296159493294047, 5.135810333144939], Velocity: [0.11624166404709399, -1.0057851523011352, -26.242116151303655]
Position: [0.3167510478299474, -2.7347565921459127, 64.1626523864998], Rotation: [8.430857178336066, 5.320052933294047, 5.135810333144939], Velocity: [0.10850479331726033, -0.9419244305707646, -26.408956595170135]
Position: [0.31783609576312, -2.74417583645162, 63.8975818205481], Rotation: [8.447770788336065, 5.343946373294047, 5.135810333144939], Velocity: [0.10076792258742667, -0.878063708840394, -26.575797039036615]
Position: [0.31884377498899424, -2.7529564735400243, 63.630842850157734], Rotation: [8.464684398336065, 5.367839813294047, 5.135810333144939], Velocity: [0.09303105185759301, -0.8142029871100234, -26.742637482903096]
Position: [0.3197740855075702, -2.7610985034111244, 63.3624354753287], Rotation: [8.481598008336064, 5.391733253294047, 5.135810333144939], Velocity: [0.08529418112775936, -0.7503422653796528, -26.909477926769576]
Position: [0.3206270273188478, -2.768601926064921, 63.09235969606101], Rotation: [8.498511618336064, 5.4156266932940476, 5.135810333144939], Velocity: [0.0775573103979257, -0.6864815436492822, -27.076318370636056]
Position: [0.32140260042282703, -2.775466741501414, 62.82061551235465], Rotation: [8.515425228336063, 5.439520133294048, 5.135810333144939], Velocity: [0.06982043966809204, -0.6226208219189115, -27.243158814502536]
Position: [0.322100804819508, -2.781692949720603, 62.54720292420962], Rotation: [8.532338838336063, 5.463413573294048, 5.135810333144939], Velocity: [0.06208356893825838, -0.5587601001885409, -27.409999258369016]
Position: [0.3227216405088906, -2.7872805507224885, 62.27212193162593], Rotation: [8.549252448336063, 5.487307013294048, 5.135810333144939], Velocity: [0.05434669820842472, -0.49489937845817034, -27.576839702235496]
Position: [0.3232651074909748, -2.7922295445070704, 61.995372534603575], Rotation: [8.566166058336062, 5.511200453294048, 5.135810333144939], Velocity: [0.04660982747859106, -0.43103865672779973, -27.743680146101976]
Position: [0.3237312057657607, -2.7965399310743484, 61.71695473314256], Rotation: [8.583079668336062, 5.535093893294048, 5.135810333144939], Velocity: [0.038872956748757403, -0.3671779349974291, -27.910520589968456]
Position: [0.3241199353332483, -2.8002117104243225, 61.43686852724287], Rotation: [8.599993278336061, 5.5589873332940485, 5.135810333144939], Velocity: [0.031136086018923745, -0.3033172132670585, -28.077361033834936]
Position: [0.3244312961934375, -2.803244882556993, 61.155113916904526], Rotation: [8.61690688833606, 5.582880773294049, 5.135810333144939], Velocity: [0.023399215289090086, -0.2394564915366879, -28.244201477701417]
Position: [0.3246652883463284, -2.80563944747236, 60.87169090212751], Rotation: [8.63382049833606, 5.606774213294049, 5.135810333144939], Velocity: [0.015662344559256428, -0.1755957698063173, -28.411041921567897]
Position: [0.324821911791921, -2.807395405170423, 60.58659948291183], Rotation: [8.65073410833606, 5.630667653294049, 5.135810333144939], Velocity: [0.007925473829422769, -0.1117350480759467, -28.577882365434377]
Position: [0.3249011665302152, -2.8085127556511824, 60.299839659257486], Rotation: [8.66764771833606, 5.654561093294049, 5.135810333144939], Velocity: [0.0001886030995891094, -0.04787432634557609, -28.744722809300857]
Position: [0.3249030525612111, -2.8089914989146383, 60.011411431164476], Rotation: [8.68456132833606, 5.678454533294049, 5.135810333144939], Velocity: [-0.00754826763024455, 0.015986395384794516, -28.911563253167337]
Position: [0.3248275698849087, -2.8088316349607902, 59.721314798632804], Rotation: [8.701474938336059, 5.702347973294049, 5.135810333144939], Velocity: [-0.01528513836007821, 0.07984711711516512, -29.078403697033817]
Position: [0.3246747185013079, -2.8080331637896387, 59.429549761662464], Rotation: [8.718388548336058, 5.72624141329405, 5.135810333144939], Velocity: [-0.02302200908991187, 0.14370783884553573, -29.245244140900297]
Position: [0.3244444984104088, -2.8065960854011833, 59.136116320253464], Rotation: [8.735302158336058, 5.75013485329405, 5.135810333144939], Velocity: [-0.030758879819745528, 0.20756856057590634, -29.412084584766777]
Position: [0.3241369096122113, -2.8045203997954244, 58.841014474405796], Rotation: [8.752215768336058, 5.77402829329405, 5.135810333144939], Velocity: [-0.03849575054957919, 0.27142928230627694, -29.578925028633257]
Position: [0.32375195210671553, -2.8018061069723617, 58.54424422411946], Rotation: [8.769137048336058, 5.75569954329405, 5.135810333144939], Velocity: [-0.032706270800485646, 0.22394751620921943, -29.689856274619697]
Position: [0.32342488939871067, -2.7995666318102694, 58.24636466137326], Rotation: [8.786058328336058, 5.737370793294049, 5.135810333144939], Velocity: [-0.0269167910513921, 0.17646575011216192, -29.800787520606136]
Position: [0.32315572148819677, -2.797801974309148, 57.9473757861672], Rotation: [8.802979608336058, 5.719042043294049, 5.135810333144939], Velocity: [-0.021127311302298557, 0.1289839840151044, -29.911718766592575]
Position: [0.3229444483751738, -2.7965121344689967, 57.647277598501276], Rotation: [8.819900888336058, 5.700713293294049, 5.135810333144939], Velocity: [-0.015337831553205013, 0.08150221791804689, -30.022650012579014]
Position: [0.32279107005964175, -2.795697112289816, 57.346070098375485], Rotation: [8.836822168336058, 5.682384543294049, 5.135810333144939], Velocity: [-0.009548351804111468, 0.03402045182098937, -30.133581258565453]
Position: [0.32269558654160063, -2.7953569077716063, 57.04375328578983], Rotation: [8.853743448336058, 5.6640557932940485, 5.135810333144939], Velocity: [-0.003758872055017924, -0.013461314276068156, -30.244512504551892]
Position: [0.3226579978210505, -2.795491520914367, 56.740327160744314], Rotation: [8.870664728336058, 5.645727043294048, 5.135810333144939], Velocity: [0.00203060769407562, -0.06094308037312568, -30.35544375053833]
Position: [0.32267830389799124, -2.796100951718098, 56.43579172323893], Rotation: [8.887586008336058, 5.627398293294048, 5.135810333144939], Velocity: [0.007820087443169164, -0.1084248464701832, -30.46637499652477]
Position: [0.3227565047724229, -2.7971852001828, 56.13014697327368], Rotation: [8.904507288336058, 5.609069543294048, 5.135810333144939], Velocity: [0.013609567192262709, -0.15590661256724073, -30.57730624251121]
Position: [0.32289260044434553, -2.7987442663084723, 55.82339291084857], Rotation: [8.921428568336058, 5.590740793294048, 5.135810333144939], Velocity: [0.019399046941356253, -0.20338837866429826, -30.68823748849765]
Position: [0.3230865909137591, -2.800778150095115, 55.515529535963594], Rotation: [8.938349848336058, 5.572412043294047, 5.135810333144939], Velocity: [0.025188526690449797, -0.2508701447613558, -30.799168734484088]
Position: [0.3233384761806636, -2.8032868515427287, 55.20655684861875], Rotation: [8.955271128336058, 5.554083293294047, 5.135810333144939], Velocity: [0.03097800643954334, -0.2983519108584133, -30.910099980470527]
Position: [0.323648256245059, -2.806270370651313, 54.896474848814044], Rotation: [8.972192408336058, 5.535754543294047, 5.135810333144939], Velocity: [0.036767486188636886, -0.3458336769554708, -31.021031226456966]
Position: [0.3240159311069454, -2.8097287074208674, 54.585283536549476], Rotation: [8.989113688336058, 5.517425793294047, 5.135810333144939], Velocity: [0.04255696593773043, -0.3933154430525283, -31.131962472443405]
Position: [0.32444150076632267, -2.8136618618513927, 54.27298291182504], Rotation: [9.006034968336058, 5.4990970432940465, 5.135810333144939], Velocity: [0.048346445686823974, -0.4407972091495858, -31.242893718429844]
Position: [0.3249249652231909, -2.8180698339428885, 53.95957297464074], Rotation: [9.022956248336058, 5.480768293294046, 5.135810333144939], Velocity: [0.05413592543591752, -0.4882789752466433, -31.353824964416283]
Position: [0.3254663244775501, -2.822952623695355, 53.64505372499658], Rotation: [9.039877528336058, 5.462439543294046, 5.135810333144939], Velocity: [0.05992540518501106, -0.5357607413437009, -31.464756210402722]
Position: [0.3260655785294002, -2.8283102311087918, 53.329425162892555], Rotation: [9.056798808336058, 5.444110793294046, 5.135810333144939], Velocity: [0.0657148849341046, -0.5832425074407585, -31.57568745638916]
Position: [0.32672272737874125, -2.8341426561831993, 53.012687288328664], Rotation: [9.073720088336058, 5.425782043294046, 5.135810333144939], Velocity: [0.07150436468319815, -0.630724273537816, -31.6866187023756]
Position: [0.32743777102557325, -2.8404498989185774, 52.694840101304905], Rotation: [9.090641368336058, 5.407453293294045, 5.135810333144939], Velocity: [0.0772938444322917, -0.6782060396348736, -31.79754994836204]
Position: [0.32821070946989617, -2.847231959314926, 52.375883601821286], Rotation: [9.107562648336058, 5.389124543294045, 5.135810333144939], Velocity: [0.08308332418138525, -0.7256878057319311, -31.90848119434848]
Position: [0.32904154271171004, -2.8544888373722452, 52.0558177898778], Rotation: [9.124483928336058, 5.370795793294045, 5.135810333144939], Velocity: [0.0888728039304788, -0.7731695718289887, -32.01941244033492]
Position: [0.32993027075101483, -2.862220533090535, 51.73464266547445], Rotation: [9.141405208336058, 5.352467043294045, 5.135810333144939], Velocity: [0.09466228367957236, -0.8206513379260463, -32.13034368632136]
Position: [0.3308768935878105, -2.8704270464697954, 51.41235822861124], Rotation: [9.158326488336058, 5.334138293294044, 5.135810333144939], Velocity: [0.10045176342866591, -0.8681331040231038, -32.2412749323078]
Position: [0.3318814112220972, -2.8791083775100264, 51.08896447928816], Rotation: [9.175247768336058, 5.315809543294044, 5.135810333144939], Velocity: [0.10624124317775946, -0.9156148701201614, -32.352206178294246]
Position: [0.33294382365387476, -2.888264526211228, 50.76446141750522], Rotation: [9.192169048336059, 5.297480793294044, 5.135810333144939], Velocity: [0.11203072292685301, -0.963096636217219, -32.46313742428069]
Position: [0.3340641308831433, -2.8978954925734, 50.43884904326241], Rotation: [9.209090328336059, 5.279152043294044, 5.135810333144939], Velocity: [0.11782020267594656, -1.0105784023142765, -32.57406867026713]
Position: [0.33524233290990274, -2.9080012765965426, 50.11212735655974], Rotation: [9.226011608336059, 5.2608232932940435, 5.135810333144939], Velocity: [0.12360968242504011, -1.058060168411334, -32.684999916253574]
Position: [0.33647842973415315, -2.918581878280656, 49.7842963573972], Rotation: [9.242932888336059, 5.242494543294043, 5.135810333144939], Velocity: [0.12939916217413366, -1.1055419345083914, -32.79593116224002]
Position: [0.33777242135589447, -2.9296372976257397, 49.4553560457748], Rotation: [9.259854168336059, 5.224165793294043, 5.135810333144939], Velocity: [0.13518864192322722, -1.153023700605449, -32.90686240822646]
Position: [0.33912430777512675, -2.941167534631794, 49.125306421692535], Rotation: [9.276775448336059, 5.205837043294043, 5.135810333144939], Velocity: [0.14097812167232077, -1.2005054667025064, -33.0177936542129]
Position: [0.34053408899184995, -2.953172589298819, 48.794147485150404], Rotation: [9.29370248833606, 5.2081179532940425, 5.135810333144939], Velocity: [0.14084319327580283, -1.1994041470079715, -33.11111378336447]
Position: [0.341942520924608, -2.965166630768899, 48.462055347316756], Rotation: [9.31062952833606, 5.210398863294042, 5.135810333144939], Velocity: [0.1407082648792849, -1.1983028273134366, -33.204433912516045]
Position: [0.34334960357340083, -2.977149659042033, 48.1290300081916], Rotation: [9.32755656833606, 5.212679773294042, 5.135810333144939], Velocity: [0.14057333648276696, -1.1972015076189018, -33.297754041667616]
Position: [0.3447553369382285, -2.989121674118222, 47.795071467774925], Rotation: [9.344483608336061, 5.214960683294041, 5.135810333144939], Velocity: [0.14043840808624902, -1.196100187924367, -33.39107417081919]
Position: [0.346159721019091, -3.001082675997466, 47.460179726066734], Rotation: [9.361410648336062, 5.217241593294041, 5.135810333144939], Velocity: [0.1403034796897311, -1.194998868229832, -33.48439429997076]
Position: [0.3475627558159883, -3.013032664679764, 47.12435478306703], Rotation: [9.378337688336062, 5.219522503294041, 5.135810333144939], Velocity: [0.14016855129321315, -1.1938975485352972, -33.57771442912233]
Position: [0.3489644413289204, -3.024971640165117, 46.7875966387758], Rotation: [9.395264728336063, 5.22180341329404, 5.135810333144939], Velocity: [0.14003362289669521, -1.1927962288407623, -33.6710345582739]
Position: [0.35036477755788736, -3.036899602453525, 46.44990529319306], Rotation: [9.412191768336063, 5.22408432329404, 5.135810333144939], Velocity: [0.13989869450017728, -1.1916949091462274, -33.764354687425474]
Position: [0.35176376450288915, -3.048816551544987, 46.111280746318805], Rotation: [9.429118808336064, 5.22636523329404, 5.135810333144939], Velocity: [0.13976376610365934, -1.1905935894516926, -33.857674816577045]
Position: [0.3531614021639257, -3.060722487439504, 45.77172299815303], Rotation: [9.446045848336064, 5.228646143294039, 5.135810333144939], Velocity: [0.1396288377071414, -1.1894922697571577, -33.95099494572862]
Position: [0.3545576905409971, -3.0726174101370756, 45.43123204869575], Rotation: [9.462972888336065, 5.230927053294039, 5.135810333144939], Velocity: [0.13949390931062347, -1.1883909500626229, -34.04431507488019]
Position: [0.35595262963410335, -3.0845013196377016, 45.08980789794695], Rotation: [9.479899928336065, 5.2332079632940385, 5.135810333144939], Velocity: [0.13935898091410553, -1.187289630368088, -34.13763520403176]
Position: [0.3573462194432444, -3.0963742159413825, 44.74745054590663], Rotation: [9.496826968336066, 5.235488873294038, 5.135810333144939], Velocity: [0.1392240525175876, -1.1861883106735531, -34.23095533318333]
Position: [0.3587384599684203, -3.108236099048118, 44.4041599925748], Rotation: [9.513754008336067, 5.237769783294038, 5.135810333144939], Velocity: [0.13908912412106966, -1.1850869909790183, -34.3242754623349]
Position: [0.360129351209631, -3.1200869689579083, 44.05993623795145], Rotation: [9.530681048336067, 5.240050693294037, 5.135810333144939], Velocity: [0.13895419572455173, -1.1839856712844834, -34.417595591486474]
Position: [0.3615188931668765, -3.131926825670753, 43.71477928203658], Rotation: [9.547608088336068, 5.242331603294037, 5.135810333144939], Velocity: [0.1388192673280338, -1.1828843515899485, -34.510915720638046]
Position: [0.36290708584015685, -3.1437556691866524, 43.3686891248302], Rotation: [9.564535128336068, 5.244612513294037, 5.135810333144939], Velocity: [0.13868433893151585, -1.1817830318954137, -34.60423584978962]
Position: [0.364293929229472, -3.1555734995056066, 43.021665766332305], Rotation: [9.581462168336069, 5.246893423294036, 5.135810333144939], Velocity: [0.13854941053499792, -1.1806817122008788, -34.69755597894119]
Position: [0.365679423334822, -3.1673803166276153, 42.673709206542895], Rotation: [9.59838920833607, 5.249174333294036, 5.135810333144939], Velocity: [0.13841448213847998, -1.179580392506344, -34.79087610809276]
Position: [0.36706356815620683, -3.179176120552679, 42.32481944546197], Rotation: [9.61531624833607, 5.251455243294036, 5.135810333144939], Velocity: [0.13827955374196205, -1.178479072811809, -34.88419623724433]
Position: [0.36844636369362643, -3.190960911280797, 41.97499648308953], Rotation: [9.63224328833607, 5.253736153294035, 5.135810333144939], Velocity: [0.1381446253454441, -1.1773777531172742, -34.9775163663959]
Position: [0.36982780994708087, -3.2027346888119697, 41.62424031942557], Rotation: [9.649170328336071, 5.256017063294035, 5.135810333144939], Velocity: [0.13800969694892617, -1.1762764334227394, -35.070836495547475]
Position: [0.37120790691657013, -3.214497453146197, 41.27255095447009], Rotation: [9.666097368336072, 5.2582979732940345, 5.135810333144939], Velocity: [0.13787476855240824, -1.1751751137282045, -35.16415662469905]
Position: [0.3725866546020942, -3.226249204283479, 40.9199283882231], Rotation: [9.683024408336072, 5.260578883294034, 5.135810333144939], Velocity: [0.1377398401558903, -1.1740737940336696, -35.25747675385062]
Position: [0.37396405300365315, -3.2379899422238156, 40.56637262068459], Rotation: [9.699951448336073, 5.262859793294034, 5.135810333144939], Velocity: [0.13760491175937237, -1.1729724743391348, -35.35079688300219]
Position: [0.37534010212124685, -3.249719666967207, 40.21188365185457], Rotation: [9.716878488336073, 5.265140703294033, 5.135810333144939], Velocity: [0.13746998336285443, -1.1718711546446, -35.44411701215376]
Position: [0.3767148019548754, -3.261438378513653, 39.856461481733035], Rotation: [9.733805528336074, 5.267421613294033, 5.135810333144939], Velocity: [0.1373350549663365, -1.170769834950065, -35.53743714130533]
Position: [0.37808815250453875, -3.2731460768631537, 39.50010611031998], Rotation: [9.750732568336074, 5.269702523294033, 5.135810333144939], Velocity: [0.13720012656981856, -1.1696685152555302, -35.630757270456904]
Position: [0.37946015377023695, -3.284842762015709, 39.142817537615414], Rotation: [9.767659608336075, 5.271983433294032, 5.135810333144939], Velocity: [0.13706519817330062, -1.1685671955609953, -35.724077399608476]
Position: [0.38083080575197, -3.296528433971319, 38.78459576361933], Rotation: [9.784586648336075, 5.274264343294032, 5.135810333144939], Velocity: [0.1369302697767827, -1.1674658758664604, -35.81739752876005]
Position: [0.3822001084497378, -3.3082030927299835, 38.42544078833173], Rotation: [9.801513688336076, 5.276545253294032, 5.135810333144939], Velocity: [0.13679534138026475, -1.1663645561719256, -35.91071765791162]
Position: [0.3835680618635404, -3.3198667382917026, 38.06535261175261], Rotation: [9.818440728336077, 5.278826163294031, 5.135810333144939], Velocity: [0.13666041298374682, -1.1652632364773907, -36.00403778706319]
Position: [0.3849346659933779, -3.3315193706564767, 37.70433123388197], Rotation: [9.835373518336077, 5.3017186532940315, 5.135810333144939], Velocity: [0.13128990064995416, -1.121635602099374, -36.14057083745155]
Position: [0.38624756499987745, -3.3427357266774704, 37.34194452550746], Rotation: [9.852306308336077, 5.324611143294032, 5.135810333144939], Velocity: [0.1259193883161615, -1.0780079677213574, -36.27710388783991]
Position: [0.38750675888303904, -3.353515806354684, 36.978192486629055], Rotation: [9.869239098336077, 5.347503633294032, 5.135810333144939], Velocity: [0.12054887598236884, -1.0343803333433408, -36.413636938228265]
Position: [0.3887122476428627, -3.3638596096881175, 36.61307511724677], Rotation: [9.886171888336078, 5.370396123294032, 5.135810333144939], Velocity: [0.11517836364857617, -0.9907526989653241, -36.550169988616624]
Position: [0.3898640312793485, -3.373767136677771, 36.24659241736061], Rotation: [9.903104678336078, 5.3932886132940325, 5.135810333144939], Velocity: [0.1098078513147835, -0.9471250645873075, -36.68670303900498]
Position: [0.39096210979249635, -3.383238387323644, 35.87874438697056], Rotation: [9.920037468336078, 5.416181103294033, 5.135810333144939], Velocity: [0.10443733898099083, -0.9034974302092909, -36.82323608939334]
Position: [0.39200648318230624, -3.392273361625737, 35.50953102607663], Rotation: [9.936970258336078, 5.439073593294033, 5.135810333144939], Velocity: [0.09906682664719817, -0.8598697958312742, -36.9597691397817]
Position: [0.3929971514487782, -3.4008720595840494, 35.13895233467881], Rotation: [9.953903048336079, 5.461966083294033, 5.135810333144939], Velocity: [0.0936963143134055, -0.8162421614532576, -37.09630219017006]
Position: [0.3939341145919123, -3.409034481198582, 34.767008312777115], Rotation: [9.970835838336079, 5.484858573294034, 5.135810333144939], Velocity: [0.08832580197961283, -0.7726145270752409, -37.232835240558416]
Position: [0.3948173726117084, -3.416760626469334, 34.39369896037153], Rotation: [9.98776862833608, 5.507751063294034, 5.135810333144939], Velocity: [0.08295528964582016, -0.7289868926972243, -37.369368290946774]
Position: [0.3956469255081666, -3.4240504953963065, 34.019024277462066], Rotation: [10.00470141833608, 5.530643553294034, 5.135810333144939], Velocity: [0.0775847773120275, -0.6853592583192076, -37.50590134133513]
Position: [0.3964227732812869, -3.4309040879794988, 33.642984264048714], Rotation: [10.02163420833608, 5.553536043294034, 5.135810333144939], Velocity: [0.07221426497823483, -0.641731623941191, -37.64243439172349]
Position: [0.39714491593106926, -3.4373214042189106, 33.26557892013148], Rotation: [10.03856699833608, 5.576428533294035, 5.135810333144939], Velocity: [0.06684375264444216, -0.5981039895631743, -37.77896744211185]
Position: [0.3978133534575137, -3.4433024441145426, 32.88680824571036], Rotation: [10.05549978833608, 5.599321023294035, 5.135810333144939], Velocity: [0.06147324031064949, -0.5544763551851577, -37.91550049250021]
Position: [0.3984280858606202, -3.448847207666394, 32.50667224078536], Rotation: [10.07243257833608, 5.622213513294035, 5.135810333144939], Velocity: [0.05610272797685682, -0.510848720807141, -38.052033542888566]
Position: [0.39898911314038876, -3.4539556948744656, 32.12517090535648], Rotation: [10.08936536833608, 5.6451060032940354, 5.135810333144939], Velocity: [0.050732215643064155, -0.46722108642912447, -38.188566593276924]
Position: [0.3994964352968194, -3.458627905738757, 31.742304239423706], Rotation: [10.106298158336081, 5.667998493294036, 5.135810333144939], Velocity: [0.04536170330927149, -0.4235934520511079, -38.32509964366528]
Position: [0.3999500523299121, -3.462863840259268, 31.358072242987053], Rotation: [10.123230948336081, 5.690890983294036, 5.135810333144939], Velocity: [0.03999119097547882, -0.3799658176730913, -38.46163269405364]
Position: [0.4003499642396669, -3.4666634984359987, 30.972474916046515], Rotation: [10.140163738336081, 5.713783473294036, 5.135810333144939], Velocity: [0.03462067864168615, -0.3363381832950747, -38.598165744442]
Position: [0.40069617102608374, -3.4700268802689496, 30.585512258602094], Rotation: [10.157096528336082, 5.7366759632940365, 5.135810333144939], Velocity: [0.029250166307893486, -0.2927105489170581, -38.73469879483036]
Position: [0.40098867268916266, -3.47295398575812, 30.19718427065379], Rotation: [10.174029318336082, 5.759568453294037, 5.135810333144939], Velocity: [0.02387965397410082, -0.24908291453904152, -38.871231845218716]
Position: [0.4012274692289037, -3.4754448149035104, 29.8074909522016], Rotation: [10.190962108336082, 5.782460943294037, 5.135810333144939], Velocity: [0.018509141640308157, -0.20545528016102493, -39.007764895607075]
Position: [0.4014125606453068, -3.4774993677051205, 29.41643230324553], Rotation: [10.207894898336082, 5.805353433294037, 5.135810333144939], Velocity: [0.013138629306515492, -0.16182764578300834, -39.14429794599543]
Position: [0.4015439469383719, -3.4791176441629506, 29.024008323785573], Rotation: [10.224827688336083, 5.828245923294038, 5.135810333144939], Velocity: [0.007768116972722827, -0.11820001140499176, -39.28083099638379]
Position: [0.40162162810809915, -3.4802996442770007, 28.630219013821733], Rotation: [10.241760478336083, 5.851138413294038, 5.135810333144939], Velocity: [0.0023976046389301616, -0.07457237702697517, -39.41736404677215]
Position: [0.40164560415448847, -3.4810453680472704, 28.23506437335401], Rotation: [10.258693268336083, 5.874030903294038, 5.135810333144939], Velocity: [-0.002972907694862504, -0.03094474264895858, -39.55389709716051]
Position: [0.4016158750775398, -3.48135481547376, 27.838544402382404], Rotation: [10.275626058336083, 5.896923393294038, 5.135810333144939], Velocity: [-0.00834342002865517, 0.01268289172905801, -39.69043014754887]
Position: [0.40153244087725326, -3.4812279865564695, 27.440659100906913], Rotation: [10.292558848336084, 5.919815883294039, 5.135810333144939], Velocity: [-0.013713932362447834, 0.0563105261070746, -39.826963197937225]
Position: [0.4013953015536288, -3.480664881295399, 27.041408468927543], Rotation: [10.309491638336084, 5.942708373294039, 5.135810333144939], Velocity: [-0.0190844446962405, 0.09993816048509119, -39.96349624832558]
Position: [0.4012044571066664, -3.479665499690548, 26.64079250644429], Rotation: [10.326424428336084, 5.965600863294039, 5.135810333144939], Velocity: [-0.024454957030033163, 0.14356579486310778, -40.10002929871394]
Position: [0.40095990753636607, -3.478229841741917, 26.23881121345715], Rotation: [10.343357218336084, 5.988493353294039, 5.135810333144939], Velocity: [-0.029825469363825827, 0.18719342924112436, -40.2365623491023]
Position: [0.4006616528427278, -3.4763579074495055, 25.83546458996613], Rotation: [10.360290008336085, 6.01138584329404, 5.135810333144939], Velocity: [-0.03519598169761849, 0.23082106361914095, -40.37309539949066]
Position: [0.40030969302575165, -3.474049696813314, 25.430752635971224], Rotation: [10.377228548336085, 5.99205422329404, 5.135810333144939], Velocity: [-0.03361564796710257, 0.2180437330699039, -40.476076272874096]
Position: [0.39997353654608064, -3.4718692594826153, 25.025010873242483], Rotation: [10.394167088336085, 5.97272260329404, 5.135810333144939], Velocity: [-0.03203531423658665, 0.20526640252066686, -40.57905714625753]
Position: [0.39965318340371475, -3.4698165954574085, 24.61823930177991], Rotation: [10.411105628336085, 5.95339098329404, 5.135810333144939], Velocity: [-0.030454980506070727, 0.1924890719714298, -40.68203801964097]
Position: [0.399348633598654, -3.4678917047376943, 24.210437921583498], Rotation: [10.428044168336084, 5.93405936329404, 5.135810333144939], Velocity: [-0.028874646775554805, 0.17971174142219276, -40.78501889302441]
Position: [0.39905988713089846, -3.4660945873234725, 23.801606732653255], Rotation: [10.444982708336084, 5.91472774329404, 5.135810333144939], Velocity: [-0.027294313045038883, 0.1669344108729557, -40.887999766407845]
Position: [0.39878694400044806, -3.464425243214743, 23.391745734989176], Rotation: [10.461921248336084, 5.89539612329404, 5.135810333144939], Velocity: [-0.02571397931452296, 0.15415708032371866, -40.99098063979128]
Position: [0.39852980420730283, -3.4628836724115057, 22.980854928591263], Rotation: [10.478859788336084, 5.87606450329404, 5.135810333144939], Velocity: [-0.02413364558400704, 0.14137974977448162, -41.09396151317472]
Position: [0.39828846775146276, -3.461469874913761, 22.568934313459515], Rotation: [10.495798328336084, 5.85673288329404, 5.135810333144939], Velocity: [-0.022553311853491118, 0.12860241922524457, -41.196942386558156]
Position: [0.39806293463292786, -3.4601838507215086, 22.155983889593934], Rotation: [10.512736868336084, 5.83740126329404, 5.135810333144939], Velocity: [-0.020972978122975196, 0.11582508867600752, -41.29992325994159]
Position: [0.3978532048516981, -3.4590255998347486, 21.742003656994516], Rotation: [10.529675408336084, 5.81806964329404, 5.135810333144939], Velocity: [-0.019392644392459274, 0.10304775812677047, -41.40290413332503]
Position: [0.39765927840777354, -3.457995122253481, 21.326993615661266], Rotation: [10.546613948336084, 5.79873802329404, 5.135810333144939], Velocity: [-0.017812310661943352, 0.09027042757753342, -41.50588500670847]
Position: [0.39748115530115413, -3.4570924179777056, 20.910953765594183], Rotation: [10.563552488336084, 5.77940640329404, 5.135810333144939], Velocity: [-0.01623197693142743, 0.07749309702829638, -41.608865880091905]
Position: [0.39731883553183983, -3.4563174870074227, 20.493884106793264], Rotation: [10.580491028336084, 5.76007478329404, 5.135810333144939], Velocity: [-0.014651643200911509, 0.06471576647905933, -41.71184675347534]
Position: [0.3971723190998307, -3.4556703293426323, 20.07578463925851], Rotation: [10.597429568336084, 5.74074316329404, 5.135810333144939], Velocity: [-0.013071309470395587, 0.05193843592982228, -41.81482762685878]
Position: [0.3970416060051267, -3.455150944983334, 19.656655362989923], Rotation: [10.614368108336084, 5.72141154329404, 5.135810333144939], Velocity: [-0.011490975739879665, 0.03916110538058523, -41.91780850024222]
Position: [0.3969266962477279, -3.454759333929528, 19.236496277987502], Rotation: [10.631306648336084, 5.70207992329404, 5.135810333144939], Velocity: [-0.009910642009363743, 0.02638377483134818, -42.020789373625654]
Position: [0.3968275898276343, -3.454495496181215, 18.815307384251245], Rotation: [10.648245188336084, 5.68274830329404, 5.135810333144939], Velocity: [-0.008330308278847821, 0.013606444282111128, -42.12377024700909]
Position: [0.3967442867448458, -3.4543594317383937, 18.393088681781155], Rotation: [10.665183728336084, 5.66341668329404, 5.135810333144939], Velocity: [-0.0067499745483319, 0.0008291137328740768, -42.22675112039253]
Position: [0.3966767869993625, -3.454351140601065, 17.96984017057723], Rotation: [10.682122268336084, 5.64408506329404, 5.135810333144939], Velocity: [-0.005169640817815978, -0.011948216816362975, -42.329731993775965]
Position: [0.39662509059118434, -3.454470622769229, 17.54556185063947], Rotation: [10.699060808336084, 5.62475344329404, 5.135810333144939], Velocity: [-0.003589307087300056, -0.024725547365600026, -42.4327128671594]
Position: [0.39658919752031135, -3.4547178782428847, 17.120253721967874], Rotation: [10.715999348336084, 5.60542182329404, 5.135810333144939], Velocity: [-0.002008973356784134, -0.03750287791483708, -42.53569374054284]
Position: [0.39656910778674354, -3.455092907022033, 16.693915784562446], Rotation: [10.732937888336084, 5.58609020329404, 5.135810333144939], Velocity: [-0.0004286396262682126, -0.05028020846407413, -42.63867461392628]
Position: [0.3965648213904808, -3.455595709106674, 16.26654803842318], Rotation: [10.749876428336083, 5.56675858329404, 5.135810333144939], Velocity: [0.001151694104247709, -0.06305753901331118, -42.741655487309714]
Position: [0.3965763383315233, -3.456226284496807, 15.838150483550084], Rotation: [10.766814968336083, 5.54742696329404, 5.135810333144939], Velocity: [0.0027320278347636303, -0.07583486956254823, -42.84463636069315]
Position: [0.3966036586098709, -3.4569846331924325, 15.408723119943152], Rotation: [10.783753508336083, 5.52809534329404, 5.135810333144939], Velocity: [0.004312361565279552, -0.08861220011178528, -42.94761723407659]
Position: [0.3966467822255237, -3.4578707551935506, 14.978265947602386], Rotation: [10.800692048336083, 5.50876372329404, 5.135810333144939], Velocity: [0.005892695295795474, -0.10138953066102233, -43.050598107460026]
Position: [0.39670570917848164, -3.4588846505001607, 14.546778966527786], Rotation: [10.817630588336083, 5.48943210329404, 5.135810333144939], Velocity: [0.007473029026311396, -0.11416686121025937, -43.15357898084346]
Position: [0.39678043946874475, -3.4600263191122633, 14.11426217671935], Rotation: [10.834569128336083, 5.47010048329404, 5.135810333144939], Velocity: [0.009053362756827317, -0.12694419175949642, -43.2565598542269]
Position: [0.39687097309631303, -3.4612957610298585, 13.68071557817708], Rotation: [10.851507668336083, 5.45076886329404, 5.135810333144939], Velocity: [0.010633696487343238, -0.13972152230873347, -43.35954072761034]
Position: [0.3969773100611865, -3.4626929762529457, 13.246139170900976], Rotation: [10.868446208336083, 5.43143724329404, 5.135810333144939], Velocity: [0.01221403021785916, -0.15249885285797052, -43.462521600993774]
Position: [0.3970994503633651, -3.4642179647815254, 12.81053295489104], Rotation: [10.885384748336083, 5.41210562329404, 5.135810333144939], Velocity: [0.013794363948375082, -0.16527618340720757, -43.56550247437721]
Position: [0.39723739400284885, -3.4658707266155977, 12.373896930147268], Rotation: [10.902330958336083, 5.41338366329404, 5.135810333144939], Velocity: [0.012735699715666716, -0.1567702209625427, -43.59689978324729]
Position: [0.3973647510000055, -3.467438428825223, 11.936946932314795], Rotation: [10.919277168336084, 5.41466170329404, 5.135810333144939], Velocity: [0.011677035482958351, -0.14826425851787783, -43.628297092117364]
Position: [0.3974815213548351, -3.4689210714104015, 11.49968296139362], Rotation: [10.936223378336084, 5.4159397432940395, 5.135810333144939], Velocity: [0.010618371250249985, -0.13975829607321297, -43.65969440098744]
Position: [0.3975877050673376, -3.4703186543711335, 11.062105017383747], Rotation: [10.953169588336085, 5.417217783294039, 5.135810333144939], Velocity: [0.00955970701754162, -0.1312523336285481, -43.69109170985752]
Position: [0.397683302137513, -3.471631177707419, 10.624213100285171], Rotation: [10.970115798336085, 5.418495823294039, 5.135810333144939], Velocity: [0.008501042784833254, -0.12274637118388325, -43.72248901872759]
Position: [0.3977683125653613, -3.4728586414192577, 10.186007210097895], Rotation: [10.987062008336085, 5.419773863294039, 5.135810333144939], Velocity: [0.007442378552124889, -0.1142404087392184, -43.75388632759767]
Position: [0.3978427363508826, -3.47400104550665, 9.747487346821918], Rotation: [11.004008218336086, 5.421051903294039, 5.135810333144939], Velocity: [0.006383714319416523, -0.10573444629455354, -43.785283636467746]
Position: [0.39790657349407677, -3.4750583899695955, 9.30865351045724], Rotation: [11.020954428336086, 5.422329943294039, 5.135810333144939], Velocity: [0.005325050086708158, -0.09722848384988869, -43.81668094533782]
Position: [0.39795982399494384, -3.4760306748080945, 8.869505701003863], Rotation: [11.037900638336087, 5.423607983294039, 5.135810333144939], Velocity: [0.004266385853999792, -0.08872252140522384, -43.8480782542079]
Position: [0.39800248785348386, -3.476917900022147, 8.430043918461784], Rotation: [11.054846848336087, 5.424886023294039, 5.135810333144939], Velocity: [0.0032077216212914265, -0.08021655896055899, -43.879475563077975]
Position: [0.39803456506969676, -3.4777200656117526, 7.990268162831004], Rotation: [11.071793058336088, 5.426164063294038, 5.135810333144939], Velocity: [0.002149057388583061, -0.07171059651589413, -43.91087287194805]
Position: [0.3980560556435826, -3.4784371715769113, 7.5501784341115235], Rotation: [11.088739268336088, 5.427442103294038, 5.135810333144939], Velocity: [0.0010903931558746956, -0.06320463407122928, -43.94227018081813]
Position: [0.3980669595751413, -3.4790692179176235, 7.109774732303342], Rotation: [11.105685478336088, 5.428720143294038, 5.135810333144939], Velocity: [3.172892316633024e-05, -0.05469867162656443, -43.973667489688204]
Position: [0.398067276864373, -3.479616204633889, 6.6690570574064605], Rotation: [11.122631688336089, 5.429998183294038, 5.135810333144939], Velocity: [-0.001026935309542035, -0.04619270918189958, -44.00506479855828]
Position: [0.3980570075112776, -3.480078131725708, 6.228025409420877], Rotation: [11.13957789833609, 5.431276223294038, 5.135810333144939], Velocity: [-0.0020855995422504004, -0.037686746737234725, -44.036462107428356]
Position: [0.3980361515158551, -3.48045499919308, 5.786679788346594], Rotation: [11.15652410833609, 5.432554263294038, 5.135810333144939], Velocity: [-0.003144263774958766, -0.02918078429256987, -44.06785941629843]
Position: [0.3980047088781055, -3.480746807036006, 5.3450201941836095], Rotation: [11.17347031833609, 5.433832303294038, 5.135810333144939], Velocity: [-0.0042029280076671316, -0.020674821847905013, -44.09925672516851]
Position: [0.39796267959802883, -3.480953555254485, 4.903046626931925], Rotation: [11.19041652833609, 5.4351103432940375, 5.135810333144939], Velocity: [-0.005261592240375497, -0.012168859403240157, -44.130654034038585]
Position: [0.3979100636756251, -3.4810752438485175, 4.460759086591539], Rotation: [11.20736273833609, 5.436388383294037, 5.135810333144939], Velocity: [-0.006320256473083863, -0.0036628969585753013, -44.16205134290866]
Position: [0.39784686111089423, -3.4811118728181034, 4.018157573162452], Rotation: [11.224308948336091, 5.437666423294037, 5.135810333144939], Velocity: [-0.007378920705792228, 0.004843065486089555, -44.19344865177874]
Position: [0.3977730719038363, -3.4810634421632427, 3.5752420866446646], Rotation: [11.241255158336092, 5.438944463294037, 5.135810333144939], Velocity: [-0.008437584938500593, 0.01334902793075441, -44.224845960648814]
Position: [0.3976886960544513, -3.480929951883935, 3.1320126270381765], Rotation: [11.258201368336092, 5.440222503294037, 5.135810333144939], Velocity: [-0.009496249171208958, 0.021854990375419266, -44.25624326951889]
Position: [0.3975937335627392, -3.4807114019801806, 2.6884691943429875], Rotation: [11.275147578336092, 5.441500543294037, 5.135810333144939], Velocity: [-0.010554913403917324, 0.030360952820084122, -44.28764057838897]
Position: [0.39748818442870004, -3.4804077924519796, 2.244611788559098], Rotation: [11.292093788336093, 5.442778583294037, 5.135810333144939], Velocity: [-0.01161357763662569, 0.038866915264748975, -44.31903788725904]
Position: [0.3973720486523338, -3.480019123299332, 1.8004404096865074], Rotation: [11.309039998336093, 5.444056623294037, 5.135810333144939], Velocity: [-0.012672241869334055, 0.04737287770941383, -44.35043519612912]
Position: [0.39724532623364045, -3.479545394522238, 1.3559550577252162], Rotation: [11.325986208336094, 5.4453346632940365, 5.135810333144939], Velocity: [-0.01373090610204242, 0.05587884015407868, -44.381832504999196]
Position: [0.39710801717262, -3.478986606120697, 0.9111557326752242], Rotation: [11.342932418336094, 5.446612703294036, 5.135810333144939], Velocity: [-0.014789570334750786, 0.06438480259874353, -44.41322981386927]
Position: [0.3969601214692725, -3.4783427580947097, 0.46604243453653144], Rotation: [11.359878628336094, 5.447890743294036, 5.135810333144939], Velocity: [-0.015848234567459152, 0.07289076504340838, -44.44462712273935]
Position: [0.3968016391235979, -3.4776138504442757, 0.02061516330913793], Rotation: [11.376824838336095, 5.449168783294036, 5.135810333144939], Velocity: [-0.016906898800167516, 0.08139672748807324, -44.476024431609424]
Position: [0.3966325701355962, -3.476799883169395, -0.42512608100695637], Rotation: [11.393771048336095, 5.450446823294036, 5.135810333144939], Velocity: [-0.01796556303287588, 0.08990268993273809, -44.5074217404795]
