tobE1
size: 18 16 12 8 6 3 
weights:
0 0 0 0.667745
0 0 1 0.812586
0 0 2 0.790094
0 0 3 0.720725
0 0 4 0.541856
0 0 5 0.131535
0 0 6 0.0268868
0 0 7 0.376293
0 0 8 0.635365
0 0 9 0.195471
0 0 10 0.22541
0 0 11 0.338237
0 0 12 0.891476
0 0 13 0.558214
0 0 14 0.0741905
0 0 15 0.990692
0 0 16 0.308481
0 0 17 0.272042
0 1 0 0.774316
0 1 1 0.156682
0 1 2 0.638417
0 1 3 0.91757
0 1 4 0.574633
0 1 5 0.61745
0 1 6 0.454207
0 1 7 0.5262
0 1 8 0.629414
0 1 9 0.664602
0 1 10 0.117893
0 1 11 0.801508
0 1 12 0.959349
0 1 13 0.341929
0 1 14 0.680013
0 1 15 0.545549
0 1 16 0.797418
0 1 17 0.533189
0 2 0 0.241981
0 2 1 0.696646
0 2 2 0.10062
0 2 3 0.551256
0 2 4 0.81283
0 2 5 0.88464
0 2 6 0.509262
0 2 7 0.385998
0 2 8 0.190863
0 2 9 0.910031
0 2 10 0.53441
0 2 11 0.266396
0 2 12 0.902707
0 2 13 0.0531327
0 2 14 0.255379
0 2 15 0.693381
0 2 16 0.729362
0 2 17 0.619861
0 3 0 0.308054
0 3 1 0.599445
0 3 2 0.852046
0 3 3 0.629353
0 3 4 0.445631
0 3 5 0.791955
0 3 6 0.148228
0 3 7 0.0513627
0 3 8 0.452803
0 3 9 0.335307
0 3 10 0.66921
0 3 11 0.498154
0 3 12 0.694662
0 3 13 0.0292367
0 3 14 0.830744
0 3 15 0.777673
0 3 16 0.0816675
0 3 17 0.638966
0 4 0 0.347606
0 4 1 0.214576
0 4 2 0.731986
0 4 3 0.0332041
0 4 4 0.443861
0 4 5 0.145207
0 4 6 0.111972
0 4 7 0.887387
0 4 8 0.369457
0 4 9 0.492019
0 4 10 0.937071
0 4 11 0.106662
0 4 12 0.754906
0 4 13 0.825007
0 4 14 0.612995
0 4 15 0.626698
0 4 16 0.834895
0 4 17 0.815363
0 5 0 0.49968
0 5 1 0.746941
0 5 2 0.0726646
0 5 3 0.488021
0 5 4 0.778588
0 5 5 0.654012
0 5 6 0.215644
0 5 7 0.179418
0 5 8 0.204779
0 5 9 0.290262
0 5 10 0.314127
0 5 11 0.60625
0 5 12 0.52501
0 5 13 0.224647
0 5 14 0.734123
0 5 15 0.952239
0 5 16 0.842982
0 5 17 0.681509
0 6 0 0.695608
0 6 1 0.378307
0 6 2 0.713401
0 6 3 0.384075
0 6 4 0.367229
0 6 5 0.863277
0 6 6 0.245399
0 6 7 0.368511
0 6 8 0.0492264
0 6 9 0.780297
0 6 10 0.997497
0 6 11 0.42497
0 6 12 0.475265
0 6 13 0.116642
0 6 14 0.94409
0 6 15 0.321757
0 6 16 0.76455
0 6 17 0.741539
0 7 0 0.296304
0 7 1 0.469161
0 7 2 0.0558794
0 7 3 0.629627
0 7 4 0.456923
0 7 5 0.178747
0 7 6 0.354564
0 7 7 0.445418
0 7 8 0.891781
0 7 9 0.17478
0 7 10 0.623035
0 7 11 0.395642
0 7 12 0.198004
0 7 13 0.513749
0 7 14 0.647481
0 7 15 0.755089
0 7 16 0.151372
0 7 17 0.568285
0 8 0 0.710685
0 8 1 0.972808
0 8 2 0.0126957
0 8 3 0.232093
0 8 4 0.602924
0 8 5 0.764367
0 8 6 0.875881
0 8 7 0.00137333
0 8 8 0.00192267
0 8 9 0.0969878
0 8 10 0.337748
0 8 11 0.0899075
0 8 12 0.75338
0 8 13 0.473312
0 8 14 0.271828
0 8 15 0.233161
0 8 16 0.0827967
0 8 17 0.42027
0 9 0 0.986511
0 9 1 0.338511
0 9 2 0.270638
0 9 3 0.589312
0 9 4 0.549394
0 9 5 0.637104
0 9 6 0.821223
0 9 7 0.374157
0 9 8 0.559069
0 9 9 0.494003
0 9 10 0.657186
0 9 11 0.452528
0 9 12 0.144932
0 9 13 0.533036
0 9 14 0.370769
0 9 15 0.157781
0 9 16 0.477462
0 9 17 0.231788
0 10 0 0.0625935
0 10 1 0.0869472
0 10 2 0.568682
0 10 3 0.644276
0 10 4 0.79989
0 10 5 0.851344
0 10 6 0.645711
0 10 7 0.40614
0 10 8 0.224952
0 10 9 0.375988
0 10 10 0.877285
0 10 11 0.679678
0 10 12 0.345408
0 10 13 0.654225
0 10 14 0.73513
0 10 15 0.194586
0 10 16 0.0371715
0 10 17 0.363384
0 11 0 0.771599
0 11 1 0.0404675
0 11 2 0.291757
0 11 3 0.24836
0 11 4 0.0943022
0 11 5 0.367687
0 11 6 0.738639
0 11 7 0.678884
0 11 8 0.319346
0 11 9 0.652547
0 11 10 0.474715
0 11 11 0.28663
0 11 12 0.284433
0 11 13 0.68334
0 11 14 0.731315
0 11 15 0.0891446
0 11 16 0.302713
0 11 17 0.923246
0 12 0 0.410382
0 12 1 0.00589007
0 12 2 0.239326
0 12 3 0.406415
0 12 4 0.0213019
0 12 5 0.173406
0 12 6 0.190985
0 12 7 0.823572
0 12 8 0.0490432
0 12 9 0.965423
0 12 10 0.0506912
0 12 11 0.953307
0 12 12 0.285348
0 12 13 0.124302
0 12 14 0.738273
0 12 15 0.0951567
0 12 16 0.154088
0 12 17 0.910184
0 13 0 0.378216
0 13 1 0.661367
0 13 2 0.561998
0 13 3 0.673666
0 13 4 0.206061
0 13 5 0.582354
0 13 6 0.305948
0 13 7 0.759026
0 13 8 0.484664
0 13 9 0.683584
0 13 10 0.568255
0 13 11 0.143284
0 13 12 0.211066
0 13 13 0.689047
0 13 14 0.530961
0 13 15 0.718162
0 13 16 0.896207
0 13 17 0.00796533
0 14 0 0.640767
0 14 1 0.620716
0 14 2 0.197638
0 14 3 0.961028
0 14 4 0.555284
0 14 5 0.519211
0 14 6 0.687399
0 14 7 0.602161
0 14 8 0.302438
0 14 9 0.260018
0 14 10 0.5356
0 14 11 0.792657
0 14 12 0.683859
0 14 13 0.782586
0 14 14 0.391491
0 14 15 0.682943
0 14 16 0.453688
0 14 17 0.707633
0 15 0 0.242866
0 15 1 0.259224
0 15 2 0.304178
0 15 3 0.505844
0 15 4 0.535417
0 15 5 0.110752
0 15 6 0.188879
0 15 7 0.652913
0 15 8 0.333018
0 15 9 0.0738243
0 15 10 0.0153508
0 15 11 0.67684
0 15 12 0.800165
0 15 13 0.90933
0 15 14 0.237831
0 15 15 0.504318
0 15 16 0.788079
0 15 17 0.669362
1 0 0 0.38197
1 0 1 0.0120853
1 0 2 0.805628
1 0 3 0.910001
1 0 4 0.032075
1 0 5 0.189764
1 0 6 0.156041
1 0 7 0.405591
1 0 8 0.312906
1 0 9 0.820032
1 0 10 0.521104
1 0 11 0.52147
1 0 12 0.396374
1 0 13 0.0827052
1 0 14 0.773705
1 0 15 0.901242
1 1 0 0.0653096
1 1 1 0.989257
1 1 2 0.300241
1 1 3 0.624287
1 1 4 0.865017
1 1 5 0.0528275
1 1 6 0.614124
1 1 7 0.490921
1 1 8 0.873623
1 1 9 0.101901
1 1 10 0.541246
1 1 11 0.590167
1 1 12 0.623341
1 1 13 0.641774
1 1 14 0.759392
1 1 15 0.807276
1 2 0 0.203131
1 2 1 0.671865
1 2 2 0.972015
1 2 3 0.426832
1 2 4 0.0741295
1 2 5 0.363933
1 2 6 0.498276
1 2 7 0.48793
1 2 8 0.629383
1 2 9 0.508042
1 2 10 0.560289
1 2 11 0.0473647
1 2 12 0.0289315
1 2 13 0.132267
1 2 14 0.0488296
1 2 15 0.00753807
1 3 0 0.341594
1 3 1 0.202643
1 3 2 0.0489212
1 3 3 0.664785
1 3 4 0.524522
1 3 5 0.809168
1 3 6 0.906217
1 3 7 0.634846
1 3 8 0.27192
1 3 9 0.744591
1 3 10 0.115848
1 3 11 0.311502
1 3 12 0.26429
1 3 13 0.882046
1 3 14 0.814997
1 3 15 0.514664
1 4 0 0.849147
1 4 1 0.257546
1 4 2 0.159459
1 4 3 0.484024
1 4 4 0.684713
1 4 5 0.264199
1 4 6 0.367199
1 4 7 0.874935
1 4 8 0.377697
1 4 9 0.863491
1 4 10 0.708518
1 4 11 0.912259
1 4 12 0.646596
1 4 13 0.22074
1 4 14 0.224799
1 4 15 0.358745
1 5 0 0.0414441
1 5 1 0.670705
1 5 2 0.457442
1 5 3 0.454237
1 5 4 0.751701
1 5 5 0.419141
1 5 6 0.967315
1 5 7 0.481491
1 5 8 0.532853
1 5 9 0.887356
1 5 10 0.926603
1 5 11 0.115604
1 5 12 0.284005
1 5 13 0.105136
1 5 14 0.56447
1 5 15 0.212622
1 6 0 0.306528
1 6 1 0.0594501
1 6 2 0.747124
1 6 3 0.194037
1 6 4 0.776116
1 6 5 0.403546
1 6 6 0.474044
1 6 7 0.683004
1 6 8 0.458449
1 6 9 0.434462
1 6 10 0.571429
1 6 11 0.548936
1 6 12 0.20072
1 6 13 0.743919
1 6 14 0.364269
1 6 15 0.0166021
1 7 0 0.229591
1 7 1 0.449324
1 7 2 0.608112
1 7 3 0.995819
1 7 4 0.787011
1 7 5 0.41139
1 7 6 0.461715
1 7 7 0.287912
1 7 8 0.135136
1 7 9 0.343883
1 7 10 0.78225
1 7 11 0.825922
1 7 12 0.461989
1 7 13 0.222571
1 7 14 0.523698
1 7 15 0.603626
1 8 0 0.718162
1 8 1 0.899106
1 8 2 0.520402
1 8 3 0.450728
1 8 4 0.91702
1 8 5 0.326121
1 8 6 0.436201
1 8 7 0.309854
1 8 8 0.928556
1 8 9 0.300333
1 8 10 0.161046
1 8 11 0.171545
1 8 12 0.29902
1 8 13 0.128727
1 8 14 0.436293
1 8 15 0.324137
1 9 0 0.126957
1 9 1 0.125675
1 9 2 0.989441
1 9 3 0.0738853
1 9 4 0.527177
1 9 5 0.345683
1 9 6 0.960021
1 9 7 0.592456
1 9 8 0.713828
1 9 9 0.459212
1 9 10 0.897916
1 9 11 0.0471511
1 9 12 0.234046
1 9 13 0.176885
1 9 14 0.114811
1 9 15 0.671224
1 10 0 0.383068
1 10 1 0.129246
1 10 2 0.67098
1 10 3 0.929167
1 10 4 0.332194
1 10 5 0.60744
1 10 6 0.777367
1 10 7 0.434431
1 10 8 0.00106815
1 10 9 0.0716575
1 10 10 0.895596
1 10 11 0.775475
1 10 12 0.205359
1 10 13 0.833522
1 10 14 0.316111
1 10 15 0.905576
1 11 0 0.110752
1 11 1 0.818171
1 11 2 0.4962
1 11 3 0.254189
1 11 4 0.525193
1 11 5 0.813135
1 11 6 0.939024
1 11 7 0.214667
1 11 8 0.0601215
1 11 9 0.1095
1 11 10 0.894925
1 11 11 0.16538
1 11 12 0.692251
1 11 13 0.941984
1 11 14 0.666189
1 11 15 0.68038
2 0 0 0.756584
2 0 1 0.633961
2 0 2 0.796686
2 0 3 0.0855434
2 0 4 0.902829
2 0 5 0.854091
2 0 6 0.927458
2 0 7 0.0169683
2 0 8 0.0455031
2 0 9 0.890316
2 0 10 0.599506
2 0 11 0.137272
2 1 0 0.839991
2 1 1 0.347697
2 1 2 0.78518
2 1 3 0.666463
2 1 4 0.714408
2 1 5 0.176397
2 1 6 0.429426
2 1 7 0.883633
2 1 8 0.990265
2 1 9 0.436018
2 1 10 0.781762
2 1 11 0.255409
2 2 0 0.121586
2 2 1 0.702292
2 2 2 0.800897
2 2 3 0.347758
2 2 4 0.584857
2 2 5 0.522965
2 2 6 0.412397
2 2 7 0.17719
2 2 8 0.45027
2 2 9 0.828516
2 2 10 0.90173
2 2 11 0.157537
2 3 0 0.166173
2 3 1 0.704062
2 3 2 0.222663
2 3 3 0.298929
2 3 4 0.587451
2 3 5 0.429395
2 3 6 0.503464
2 3 7 0.814875
2 3 8 0.779229
2 3 9 0.192083
2 3 10 0.531266
2 3 11 0.793573
2 4 0 0.627613
2 4 1 0.381359
2 4 2 0.496384
2 4 3 0.0903348
2 4 4 0.787866
2 4 5 0.867916
2 4 6 0.777581
2 4 7 0.0967437
2 4 8 0.00192267
2 4 9 0.176244
2 4 10 0.0495926
2 4 11 0.542833
2 5 0 0.316416
2 5 1 0.956267
2 5 2 0.494369
2 5 3 0.989105
2 5 4 0.231971
2 5 5 0.659413
2 5 6 0.396496
2 5 7 0.163854
2 5 8 0.315958
2 5 9 0.826563
2 5 10 0.905454
2 5 11 0.803003
2 6 0 0.308725
2 6 1 0.893216
2 6 2 0.244514
2 6 3 0.147313
2 6 4 0.255776
2 6 5 0.918668
2 6 6 0.14835
2 6 7 0.754906
2 6 8 0.696341
2 6 9 0.145177
2 6 10 0.810602
2 6 11 0.783807
2 7 0 0.439741
2 7 1 0.793603
2 7 2 0.121982
2 7 3 0.40202
2 7 4 0.961211
2 7 5 0.00134281
2 7 6 0.481246
2 7 7 0.4803
2 7 8 0.947722
2 7 9 0.309427
2 7 10 0.959166
2 7 11 0.224677
3 0 0 0.0257576
3 0 1 0.60448
3 0 2 0.0975982
3 0 3 0.90463
3 0 4 0.201941
3 0 5 0.922025
3 0 6 0.124454
3 0 7 0.33314
3 1 0 0.0475173
3 1 1 0.0173956
3 1 2 0.86581
3 1 3 0.255013
3 1 4 0.158574
3 1 5 0.11066
3 1 6 0.136723
3 1 7 0.299722
3 2 0 0.922788
3 2 1 0.711264
3 2 2 0.891873
3 2 3 0.654653
3 2 4 0.123875
3 2 5 0.929197
3 2 6 0.916837
3 2 7 0.115787
3 3 0 0.415632
3 3 1 0.178808
3 3 2 0.342051
3 3 3 0.671133
3 3 4 0.195776
3 3 5 0.681417
3 3 6 0.760216
3 3 7 0.273873
3 4 0 0.911985
3 4 1 0.67275
3 4 2 0.228004
3 4 3 0.961089
3 4 4 0.330271
3 4 5 0.722098
3 4 6 0.93466
3 4 7 0.974548
3 5 0 0.798242
3 5 1 0.0687887
3 5 2 0.816828
3 5 3 0.0395825
3 5 4 0.0327464
3 5 5 0.382641
3 5 6 0.90286
3 5 7 0.458571
4 0 0 0.465346
4 0 1 0.854274
4 0 2 0.666189
4 0 3 0.174841
4 0 4 0.67449
4 0 5 0.0219733
4 1 0 0.17011
4 1 1 0.463912
4 1 2 0.937773
4 1 3 0.241157
4 1 4 0.284677
4 1 5 0.407605
4 2 0 0.433943
4 2 1 0.202277
4 2 2 0.757073
4 2 3 0.807825
4 2 4 0.12711
4 2 5 0.404462
biases:
0 0 1
0 1 1
0 2 1
0 3 1
0 4 1
0 5 1
0 6 1
0 7 1
0 8 1
0 9 1
0 10 1
0 11 1
0 12 1
0 13 1
0 14 1
0 15 1
1 0 1
1 1 1
1 2 1
1 3 1
1 4 1
1 5 1
1 6 1
1 7 1
1 8 1
1 9 1
1 10 1
1 11 1
2 0 1
2 1 1
2 2 1
2 3 1
2 4 1
2 5 1
2 6 1
2 7 1
3 0 1
3 1 1
3 2 1
3 3 1
3 4 1
3 5 1
4 0 1
4 1 1
4 2 1
