tobE2
size: 18 16 12 8 6 3 
weights:
0 0 0 0.667745
0 0 1 0.812586
0 0 2 -7.35889e+13
0 0 3 0.720725
0 0 4 0.541856
0 0 5 -2.03086e+13
0 0 6 -7.39196e+18
0 0 7 -7.39196e+18
0 0 8 0.635365
0 0 9 -4.27476e+12
0 0 10 0.22541
0 0 11 0.338237
0 0 12 -5.12971e+14
0 0 13 0.558214
0 0 14 0.0741905
0 0 15 0.990692
0 0 16 0.308481
0 0 17 0.272042
0 1 0 0.774316
0 1 1 0.156682
0 1 2 -1.08939e+14
0 1 3 0.91757
0 1 4 0.574633
0 1 5 -3.00644e+13
0 1 6 -1.09429e+19
0 1 7 -1.09429e+19
0 1 8 0.629414
0 1 9 -6.32826e+12
0 1 10 0.117893
0 1 11 0.801508
0 1 12 -7.59391e+14
0 1 13 0.341929
0 1 14 0.680013
0 1 15 0.545549
0 1 16 0.797418
0 1 17 0.533189
0 2 0 0.241981
0 2 1 0.696646
0 2 2 -1.32648e+14
0 2 3 0.551256
0 2 4 0.81283
0 2 5 -3.66073e+13
0 2 6 -1.33244e+19
0 2 7 -1.33244e+19
0 2 8 0.190863
0 2 9 -7.70548e+12
0 2 10 0.53441
0 2 11 0.266396
0 2 12 -9.24657e+14
0 2 13 0.0531327
0 2 14 0.255379
0 2 15 0.693381
0 2 16 0.729362
0 2 17 0.619861
0 3 0 0.308054
0 3 1 0.599445
0 3 2 -1.28329e+14
0 3 3 0.629353
0 3 4 0.445631
0 3 5 -3.54155e+13
0 3 6 -1.28906e+19
0 3 7 -1.28906e+19
0 3 8 0.452803
0 3 9 -7.45461e+12
0 3 10 0.66921
0 3 11 0.498154
0 3 12 -8.94553e+14
0 3 13 0.0292367
0 3 14 0.830744
0 3 15 0.777673
0 3 16 0.0816675
0 3 17 0.638966
0 4 0 0.347606
0 4 1 0.214576
0 4 2 -1.36806e+14
0 4 3 0.0332041
0 4 4 0.443861
0 4 5 -3.77547e+13
0 4 6 -1.37421e+19
0 4 7 -1.37421e+19
0 4 8 0.369457
0 4 9 -7.947e+12
0 4 10 0.937071
0 4 11 0.106662
0 4 12 -9.53641e+14
0 4 13 0.825007
0 4 14 0.612995
0 4 15 0.626698
0 4 16 0.834895
0 4 17 0.815363
0 5 0 0.49968
0 5 1 0.746941
0 5 2 -9.59318e+13
0 5 3 0.488021
0 5 4 0.778588
0 5 5 -2.64746e+13
0 5 6 -9.6363e+18
0 5 7 -9.6363e+18
0 5 8 0.204779
0 5 9 -5.57265e+12
0 5 10 0.314127
0 5 11 0.60625
0 5 12 -6.68718e+14
0 5 13 0.224647
0 5 14 0.734123
0 5 15 0.952239
0 5 16 0.842982
0 5 17 0.681509
0 6 0 0.695608
0 6 1 0.378307
0 6 2 -1.51832e+14
0 6 3 0.384075
0 6 4 0.367229
0 6 5 -4.19015e+13
0 6 6 -1.52514e+19
0 6 7 -1.52514e+19
0 6 8 0.0492264
0 6 9 -8.81986e+12
0 6 10 0.997497
0 6 11 0.42497
0 6 12 -1.05838e+15
0 6 13 0.116642
0 6 14 0.94409
0 6 15 0.321757
0 6 16 0.76455
0 6 17 0.741539
0 7 0 0.296304
0 7 1 0.469161
0 7 2 -1.17141e+14
0 7 3 0.629627
0 7 4 0.456923
0 7 5 -3.23278e+13
0 7 6 -1.17667e+19
0 7 7 -1.17667e+19
0 7 8 0.891781
0 7 9 -6.80467e+12
0 7 10 0.623035
0 7 11 0.395642
0 7 12 -8.16561e+14
0 7 13 0.513749
0 7 14 0.647481
0 7 15 0.755089
0 7 16 0.151372
0 7 17 0.568285
0 8 0 0.710685
0 8 1 0.972808
0 8 2 -1.07327e+14
0 8 3 0.232093
0 8 4 0.602924
0 8 5 -2.96195e+13
0 8 6 -1.0781e+19
0 8 7 -1.0781e+19
0 8 8 0.00192267
0 8 9 -6.23462e+12
0 8 10 0.337748
0 8 11 0.0899075
0 8 12 -7.48154e+14
0 8 13 0.473312
0 8 14 0.271828
0 8 15 0.233161
0 8 16 0.0827967
0 8 17 0.42027
0 9 0 0.986511
0 9 1 0.338511
0 9 2 -1.05179e+14
0 9 3 0.589312
0 9 4 0.549394
0 9 5 -2.90267e+13
0 9 6 -1.05652e+19
0 9 7 -1.05652e+19
0 9 8 0.559069
0 9 9 -6.10984e+12
0 9 10 0.657186
0 9 11 0.452528
0 9 12 -7.3318e+14
0 9 13 0.533036
0 9 14 0.370769
0 9 15 0.157781
0 9 16 0.477462
0 9 17 0.231788
0 10 0 0.0625935
0 10 1 0.0869472
0 10 2 -1.53969e+14
0 10 3 0.644276
0 10 4 0.79989
0 10 5 -4.24914e+13
0 10 6 -1.54661e+19
0 10 7 -1.54661e+19
0 10 8 0.224952
0 10 9 -8.94402e+12
0 10 10 0.877285
0 10 11 0.679678
0 10 12 -1.07328e+15
0 10 13 0.654225
0 10 14 0.73513
0 10 15 0.194586
0 10 16 0.0371715
0 10 17 0.363384
0 11 0 0.771599
0 11 1 0.0404675
0 11 2 -1.02626e+14
0 11 3 0.24836
0 11 4 0.0943022
0 11 5 -2.8322e+13
0 11 6 -1.03087e+19
0 11 7 -1.03087e+19
0 11 8 0.319346
0 11 9 -5.9615e+12
0 11 10 0.474715
0 11 11 0.28663
0 11 12 -7.1538e+14
0 11 13 0.68334
0 11 14 0.731315
0 11 15 0.0891446
0 11 16 0.302713
0 11 17 0.923246
0 12 0 0.410382
0 12 1 0.00589007
0 12 2 -8.63221e+13
0 12 3 0.406415
0 12 4 0.0213019
0 12 5 -2.38226e+13
0 12 6 -8.671e+18
0 12 7 -8.671e+18
0 12 8 0.0490432
0 12 9 -5.01442e+12
0 12 10 0.0506912
0 12 11 0.953307
0 12 12 -6.01731e+14
0 12 13 0.124302
0 12 14 0.738273
0 12 15 0.0951567
0 12 16 0.154088
0 12 17 0.910184
0 13 0 0.378216
0 13 1 0.661367
0 13 2 -1.0347e+14
0 13 3 0.673666
0 13 4 0.206061
0 13 5 -2.85549e+13
0 13 6 -1.03935e+19
0 13 7 -1.03935e+19
0 13 8 0.484664
0 13 9 -6.01052e+12
0 13 10 0.568255
0 13 11 0.143284
0 13 12 -7.21262e+14
0 13 13 0.689047
0 13 14 0.530961
0 13 15 0.718162
0 13 16 0.896207
0 13 17 0.00796533
0 14 0 0.640767
0 14 1 0.620716
0 14 2 -1.08072e+14
0 14 3 0.961028
0 14 4 0.555284
0 14 5 -2.98249e+13
0 14 6 -1.08557e+19
0 14 7 -1.08557e+19
0 14 8 0.302438
0 14 9 -6.27786e+12
0 14 10 0.5356
0 14 11 0.792657
0 14 12 -7.53343e+14
0 14 13 0.782586
0 14 14 0.391491
0 14 15 0.682943
0 14 16 0.453688
0 14 17 0.707633
0 15 0 0.242866
0 15 1 0.259224
0 15 2 -1.21846e+14
0 15 3 0.505844
0 15 4 0.535417
0 15 5 -3.36261e+13
0 15 6 -1.22393e+19
0 15 7 -1.22393e+19
0 15 8 0.333018
0 15 9 -7.07797e+12
0 15 10 0.0153508
0 15 11 0.67684
0 15 12 -8.49357e+14
0 15 13 0.90933
0 15 14 0.237831
0 15 15 0.504318
0 15 16 0.788079
0 15 17 0.669362
1 0 0 -6.07129e+17
1 0 1 -1.4762e+18
1 0 2 -1.34799e+18
1 0 3 -3.0059e+17
1 0 4 -1.50471e+18
1 0 5 -5.9486e+17
1 0 6 -9.24361e+17
1 0 7 -1.20447e+18
1 0 8 -1.32087e+18
1 0 9 -1.79977e+18
1 0 10 -1.5837e+18
1 0 11 -2.13424e+18
1 0 12 -1.52754e+18
1 0 13 -1.60345e+18
1 0 14 -1.94162e+18
1 0 15 -1.26748e+18
1 1 0 -1.08807e+18
1 1 1 -2.64559e+18
1 1 2 -2.41581e+18
1 1 3 -5.38705e+17
1 1 4 -2.69668e+18
1 1 5 -1.06608e+18
1 1 6 -1.6566e+18
1 1 7 -2.15859e+18
1 1 8 -2.3672e+18
1 1 9 -3.22547e+18
1 1 10 -2.83824e+18
1 1 11 -3.8249e+18
1 1 12 -2.73759e+18
1 1 13 -2.87363e+18
1 1 14 -3.47969e+18
1 1 15 -2.27152e+18
1 2 0 -7.69169e+17
1 2 1 -1.8702e+18
1 2 2 -1.70777e+18
1 2 3 -3.80817e+17
1 2 4 -1.90632e+18
1 2 5 -7.53625e+17
1 2 6 -1.17107e+18
1 2 7 -1.52593e+18
1 2 8 -1.6734e+18
1 2 9 -2.28013e+18
1 2 10 -2.00639e+18
1 2 11 -2.70386e+18
1 2 12 -1.93523e+18
1 2 13 -2.0314e+18
1 2 14 -2.45984e+18
1 2 15 -1.60577e+18
1 3 0 -5.93581e+17
1 3 1 -1.44326e+18
1 3 2 -1.31791e+18
1 3 3 -2.93883e+17
1 3 4 -1.47114e+18
1 3 5 -5.81586e+17
1 3 6 -9.03734e+17
1 3 7 -1.17759e+18
1 3 8 -1.29139e+18
1 3 9 -1.75961e+18
1 3 10 -1.54836e+18
1 3 11 -2.08662e+18
1 3 12 -1.49345e+18
1 3 13 -1.56767e+18
1 3 14 -1.8983e+18
1 3 15 -1.2392e+18
1 4 0 -8.59596e+17
1 4 1 -2.09006e+18
1 4 2 -1.90854e+18
1 4 3 -4.25587e+17
1 4 4 -2.13043e+18
1 4 5 -8.42225e+17
1 4 6 -1.30875e+18
1 4 7 -1.70533e+18
1 4 8 -1.87013e+18
1 4 9 -2.54819e+18
1 4 10 -2.24227e+18
1 4 11 -3.02174e+18
1 4 12 -2.16275e+18
1 4 13 -2.27022e+18
1 4 14 -2.74903e+18
1 4 15 -1.79455e+18
1 5 0 -8.80133e+17
1 5 1 -2.14e+18
1 5 2 -1.95414e+18
1 5 3 -4.35755e+17
1 5 4 -2.18133e+18
1 5 5 -8.62347e+17
1 5 6 -1.34001e+18
1 5 7 -1.74607e+18
1 5 8 -1.91481e+18
1 5 9 -2.60907e+18
1 5 10 -2.29584e+18
1 5 11 -3.09394e+18
1 5 12 -2.21442e+18
1 5 13 -2.32446e+18
1 5 14 -2.8147e+18
1 5 15 -1.83742e+18
1 6 0 -7.14558e+17
1 6 1 -1.73741e+18
1 6 2 -1.58652e+18
1 6 3 -3.53779e+17
1 6 4 -1.77097e+18
1 6 5 -7.00118e+17
1 6 6 -1.08792e+18
1 6 7 -1.41759e+18
1 6 8 -1.55459e+18
1 6 9 -2.11824e+18
1 6 10 -1.86393e+18
1 6 11 -2.51189e+18
1 6 12 -1.79783e+18
1 6 13 -1.88717e+18
1 6 14 -2.28519e+18
1 6 15 -1.49176e+18
1 7 0 -6.40965e+17
1 7 1 -1.55847e+18
1 7 2 -1.42312e+18
1 7 3 -3.17343e+17
1 7 4 -1.58857e+18
1 7 5 -6.28012e+17
1 7 6 -9.75876e+17
1 7 7 -1.27159e+18
1 7 8 -1.39448e+18
1 7 9 -1.90008e+18
1 7 10 -1.67197e+18
1 7 11 -2.25319e+18
1 7 12 -1.61267e+18
1 7 13 -1.69281e+18
1 7 14 -2.04983e+18
1 7 15 -1.33812e+18
1 8 0 -7.97574e+17
1 8 1 -1.93926e+18
1 8 2 -1.77083e+18
1 8 3 -3.9488e+17
1 8 4 -1.97672e+18
1 8 5 -7.81456e+17
1 8 6 -1.21432e+18
1 8 7 -1.58229e+18
1 8 8 -1.7352e+18
1 8 9 -2.36433e+18
1 8 10 -2.08048e+18
1 8 11 -2.80372e+18
1 8 12 -2.0067e+18
1 8 13 -2.10642e+18
1 8 14 -2.55068e+18
1 8 15 -1.66507e+18
1 9 0 -7.96596e+17
1 9 1 -1.93688e+18
1 9 2 -1.76866e+18
1 9 3 -3.94396e+17
1 9 4 -1.97429e+18
1 9 5 -7.80498e+17
1 9 6 -1.21283e+18
1 9 7 -1.58035e+18
1 9 8 -1.73307e+18
1 9 9 -2.36143e+18
1 9 10 -2.07793e+18
1 9 11 -2.80028e+18
1 9 12 -2.00424e+18
1 9 13 -2.10384e+18
1 9 14 -2.54755e+18
1 9 15 -1.66303e+18
1 10 0 -1.13018e+18
1 10 1 -2.74797e+18
1 10 2 -2.50931e+18
1 10 3 -5.59553e+17
1 10 4 -2.80105e+18
1 10 5 -1.10734e+18
1 10 6 -1.72071e+18
1 10 7 -2.24213e+18
1 10 8 -2.45881e+18
1 10 9 -3.3503e+18
1 10 10 -2.94809e+18
1 10 11 -3.97292e+18
1 10 12 -2.84354e+18
1 10 13 -2.98484e+18
1 10 14 -3.61436e+18
1 10 15 -2.35943e+18
1 11 0 -7.16823e+17
1 11 1 -1.74292e+18
1 11 2 -1.59155e+18
1 11 3 -3.549e+17
1 11 4 -1.77658e+18
1 11 5 -7.02337e+17
1 11 6 -1.09137e+18
1 11 7 -1.42209e+18
1 11 8 -1.55952e+18
1 11 9 -2.12495e+18
1 11 10 -1.86984e+18
1 11 11 -2.51985e+18
1 11 12 -1.80353e+18
1 11 13 -1.89315e+18
1 11 14 -2.29243e+18
1 11 15 -1.49649e+18
2 0 0 -3.62457e+18
2 0 1 -4.71955e+18
2 0 2 -2.64863e+18
2 0 3 -3.86299e+18
2 0 4 -4.21975e+18
2 0 5 -3.99886e+18
2 0 6 -3.65723e+18
2 0 7 -4.05988e+18
2 0 8 -3.49134e+18
2 0 9 -3.47831e+18
2 0 10 -3.89322e+18
2 0 11 -4.21958e+18
2 1 0 -2.40422e+18
2 1 1 -3.13053e+18
2 1 2 -1.75687e+18
2 1 3 -2.56237e+18
2 1 4 -2.79901e+18
2 1 5 -2.65249e+18
2 1 6 -2.42588e+18
2 1 7 -2.69297e+18
2 1 8 -2.31585e+18
2 1 9 -2.30721e+18
2 1 10 -2.58242e+18
2 1 11 -2.79889e+18
2 2 0 -3.96865e+18
2 2 1 -5.16756e+18
2 2 2 -2.90006e+18
2 2 3 -4.2297e+18
2 2 4 -4.62032e+18
2 2 5 -4.37846e+18
2 2 6 -4.0044e+18
2 2 7 -4.44528e+18
2 2 8 -3.82277e+18
2 2 9 -3.8085e+18
2 2 10 -4.2628e+18
2 2 11 -4.62013e+18
2 3 0 -3.13267e+18
2 3 1 -4.07904e+18
2 3 2 -2.28917e+18
2 3 3 -3.33873e+18
2 3 4 -3.64707e+18
2 3 5 -3.45615e+18
2 3 6 -3.16089e+18
2 3 7 -3.5089e+18
2 3 8 -3.01752e+18
2 3 9 -3.00625e+18
2 3 10 -3.36485e+18
2 3 11 -3.64692e+18
2 4 0 -8.81545e+17
2 4 1 -1.14786e+18
2 4 2 -6.44181e+17
2 4 3 -9.39531e+17
2 4 4 -1.0263e+18
2 4 5 -9.72575e+17
2 4 6 -8.89486e+17
2 4 7 -9.87417e+17
2 4 8 -8.49141e+17
2 4 9 -8.45972e+17
2 4 10 -9.46883e+17
2 4 11 -1.02626e+18
2 5 0 -3.75613e+18
2 5 1 -4.89084e+18
2 5 2 -2.74476e+18
2 5 3 -4.0032e+18
2 5 4 -4.3729e+18
2 5 5 -4.14399e+18
2 5 6 -3.78997e+18
2 5 7 -4.20723e+18
2 5 8 -3.61806e+18
2 5 9 -3.60456e+18
2 5 10 -4.03452e+18
2 5 11 -4.37273e+18
2 6 0 -4.08305e+18
2 6 1 -5.31653e+18
2 6 2 -2.98366e+18
2 6 3 -4.35163e+18
2 6 4 -4.75351e+18
2 6 5 -4.50468e+18
2 6 6 -4.11984e+18
2 6 7 -4.57342e+18
2 6 8 -3.93297e+18
2 6 9 -3.91829e+18
2 6 10 -4.38568e+18
2 6 11 -4.75332e+18
2 7 0 -1.92383e+18
2 7 1 -2.50501e+18
2 7 2 -1.40582e+18
2 7 3 -2.05038e+18
2 7 4 -2.23973e+18
2 7 5 -2.12249e+18
2 7 6 -1.94116e+18
2 7 7 -2.15488e+18
2 7 8 -1.85311e+18
2 7 9 -1.8462e+18
2 7 10 -2.06642e+18
2 7 11 -2.23964e+18
3 0 0 -3.01035e+18
3 0 1 -3.28496e+18
3 0 2 -2.72245e+18
3 0 3 -2.86495e+18
3 0 4 -2.26994e+18
3 0 5 -3.29699e+18
3 0 6 -2.9239e+18
3 0 7 -2.89303e+18
3 1 0 -7.0931e+18
3 1 1 -7.74016e+18
3 1 2 -6.41474e+18
3 1 3 -6.75051e+18
3 1 4 -5.34852e+18
3 1 5 -7.7685e+18
3 1 6 -6.8894e+18
3 1 7 -6.81666e+18
3 2 0 -1.47345e+19
3 2 1 -1.60787e+19
3 2 2 -1.33254e+19
3 2 3 -1.40229e+19
3 2 4 -1.11105e+19
3 2 5 -1.61376e+19
3 2 6 -1.43114e+19
3 2 7 -1.41603e+19
3 3 0 -4.48685e+18
3 3 1 -4.89616e+18
3 3 2 -4.05774e+18
3 3 3 -4.27014e+18
3 3 4 -3.38329e+18
3 3 5 -4.91409e+18
3 3 6 -4.358e+18
3 3 7 -4.31199e+18
3 4 0 -4.35604e+18
3 4 1 -4.75341e+18
3 4 2 -3.93944e+18
3 4 3 -4.14565e+18
3 4 4 -3.28465e+18
3 4 5 -4.77082e+18
3 4 6 -4.23094e+18
3 4 7 -4.18627e+18
3 5 0 -6.4902e+18
3 5 1 -7.08225e+18
3 5 2 -5.8695e+18
3 5 3 -6.17673e+18
3 5 4 -4.89391e+18
3 5 5 -7.10819e+18
3 5 6 -6.30381e+18
3 5 7 -6.23726e+18
4 0 0 -9.17748e+10
4 0 1 -4.97127e+10
4 0 2 -1.48571e+11
4 0 3 -9.79146e+10
4 0 4 -1.60188e+11
4 0 5 -9.66892e+10
4 1 0 -4.78973e+19
4 1 1 -2.59451e+19
4 1 2 -7.75392e+19
4 1 3 -5.11017e+19
4 1 4 -8.36022e+19
4 1 5 -5.04621e+19
4 2 0 -3.68441e+18
4 2 1 -1.99578e+18
4 2 2 -5.96455e+18
4 2 3 -3.9309e+18
4 2 4 -6.43094e+18
4 2 5 -3.8817e+18
biases:
0 0 -7.35894e+11
0 1 -1.0894e+12
0 2 -1.32649e+12
0 3 -1.2833e+12
0 4 -1.36807e+12
0 5 -9.59324e+11
0 6 -1.51833e+12
0 7 -1.17142e+12
0 8 -1.07328e+12
0 9 -1.0518e+12
0 10 -1.5397e+12
0 11 -1.02626e+12
0 12 -8.63226e+11
0 13 -1.0347e+12
0 14 -1.08072e+12
0 15 -1.21846e+12
1 0 -1.49886e+11
1 1 -2.68619e+11
1 2 -1.8989e+11
1 3 -1.46542e+11
1 4 -2.12215e+11
1 5 -2.17285e+11
1 6 -1.76408e+11
1 7 -1.5824e+11
1 8 -1.96903e+11
1 9 -1.96661e+11
1 10 -2.79015e+11
1 11 -1.76967e+11
2 0 -5.65133e+10
2 1 -3.74859e+10
2 2 -6.18779e+10
2 3 -4.88436e+10
2 4 -1.37448e+10
2 5 -5.85644e+10
2 6 -6.36617e+10
2 7 -2.99957e+10
3 0 -6.79691e+09
3 1 -1.60151e+10
3 2 -3.32683e+10
3 3 -1.01306e+10
3 4 -9.83527e+09
3 5 -1.46539e+10
4 0 -63
4 1 -3.34016e+10
4 2 -2.56936e+09
