Position: [0.0, 0.0, 99.999019], Rotation: [4.796692357348903, 1.913825874360115, 0.32919287904670486], Velocity: [-0.05256610592818887, -0.028214929630203788, -0.0835167611128315]
Position: [-0.0005256610592818887, -0.0002821492963020379, 99.99720283238888], Rotation: [4.770202577348902, 1.927136444360115, 0.32919287904670486], Velocity: [-0.10513221185637774, -0.056429859260407576, -0.167033522225663]
Position: [-0.0015769831778456663, -0.0008464478889061137, 99.99455149716663], Rotation: [4.743712797348902, 1.9404470143601151, 0.32919287904670486], Velocity: [-0.1576983177845666, -0.08464478889061136, -0.2505502833384945]
Position: [-0.0031539663556913325, -0.0016928957778122272, 99.99106499433324], Rotation: [4.717223017348902, 1.9537575843601152, 0.32919287904670486], Velocity: [-0.21026442371275547, -0.11285971852081515, -0.334067044451326]
Position: [-0.005256610592818888, -0.002821492963020379, 99.98674332388873], Rotation: [4.690733237348901, 1.9670681543601152, 0.32919287904670486], Velocity: [-0.26283052964094433, -0.14107464815101894, -0.41758380556415753]
Position: [-0.007884915889228331, -0.004232239444530568, 99.98158648583309], Rotation: [4.664243457348901, 1.9803787243601152, 0.32919287904670486], Velocity: [-0.3153966355691332, -0.16928957778122272, -0.501100566676989]
Position: [-0.011038882244919663, -0.005925135222342795, 99.97559448016632], Rotation: [4.637761347348901, 1.9514670943601151, 0.32919287904670486], Velocity: [-0.31173011302888454, -0.1673179428440913, -0.6154750993120891]
Position: [-0.014156183375208508, -0.007598314650783708, 99.96845872917321], Rotation: [4.611279237348901, 1.922555464360115, 0.32919287904670486], Velocity: [-0.30806359048863585, -0.16534630790695987, -0.7298496319471892]
Position: [-0.017236819280094864, -0.009251777729853307, 99.96017923285373], Rotation: [4.584797127348901, 1.893643834360115, 0.32919287904670486], Velocity: [-0.30439706794838717, -0.16337467296982844, -0.8442241645822893]
Position: [-0.020280789959578736, -0.010885524459551592, 99.95075599120791], Rotation: [4.558315017348901, 1.8647322043601149, 0.32919287904670486], Velocity: [-0.3007305454081385, -0.161403038032697, -0.9585986972173894]
Position: [-0.023288095413660122, -0.012499554839878562, 99.94018900423573], Rotation: [4.531832907348901, 1.8358205743601148, 0.32919287904670486], Velocity: [-0.2970640228678898, -0.15943140309556558, -1.0729732298524894]
Position: [-0.02625873564233902, -0.014093868870834218, 99.92847827193721], Rotation: [4.5053507973489015, 1.8069089443601147, 0.32919287904670486], Velocity: [-0.2933975003276411, -0.15745976815843415, -1.1873477624875894]
Position: [-0.029192710645615433, -0.01566846655241856, 99.91562379431234], Rotation: [4.478868687348902, 1.7779973143601147, 0.32919287904670486], Velocity: [-0.28973097778739243, -0.15548813322130273, -1.3017222951226894]
Position: [-0.03209002042348936, -0.01722334788463159, 99.90162557136111], Rotation: [4.452386577348902, 1.7490856843601146, 0.32919287904670486], Velocity: [-0.28606445524714375, -0.1535164982841713, -1.4160968277577894]
Position: [-0.0349506649759608, -0.018758512867473303, 99.88648360308353], Rotation: [4.425904467348902, 1.7201740543601145, 0.32919287904670486], Velocity: [-0.28239793270689506, -0.15154486334703987, -1.5304713603928894]
Position: [-0.03777464430302975, -0.020273961500943703, 99.8701978894796], Rotation: [4.399422357348902, 1.6912624243601144, 0.32919287904670486], Velocity: [-0.2787314101666464, -0.14957322840990844, -1.6448458930279894]
Position: [-0.040561958404696216, -0.021769693785042787, 99.85276843054932], Rotation: [4.372940247348902, 1.6623507943601143, 0.32919287904670486], Velocity: [-0.2750648876263977, -0.14760159347277702, -1.7592204256630894]
Position: [-0.043312607280960196, -0.02324570971977056, 99.83419522629269], Rotation: [4.346458137348902, 1.6334391643601143, 0.32919287904670486], Velocity: [-0.271398365086149, -0.1456299585356456, -1.8735949582981895]
Position: [-0.04602659093182169, -0.024702009305127014, 99.8144782767097], Rotation: [4.319976027348902, 1.6045275343601142, 0.32919287904670486], Velocity: [-0.2677318425459003, -0.14365832359851416, -1.9879694909332895]
Position: [-0.048703909357280695, -0.026138592541112157, 99.79361758180038], Rotation: [4.293493917348902, 1.5756159043601141, 0.32919287904670486], Velocity: [-0.26406532000565164, -0.14168668866138273, -2.1023440235683895]
Position: [-0.051344562557337214, -0.027555459427725984, 99.77161314156469], Rotation: [4.2670118073489025, 1.546704274360114, 0.32919287904670486], Velocity: [-0.26039879746540295, -0.1397150537242513, -2.2167185562034897]
Position: [-0.05394855053199124, -0.028952609964968498, 99.74846495600265], Rotation: [4.240529697348903, 1.517792644360114, 0.32919287904670486], Velocity: [-0.25673227492515427, -0.13774341878711988, -2.33109308883859]
Position: [-0.05651587328124278, -0.030330044152839696, 99.72417302511427], Rotation: [4.214047587348903, 1.4888810143601139, 0.32919287904670486], Velocity: [-0.2530657523849056, -0.13577178384998845, -2.44546762147369]
Position: [-0.05904653080509183, -0.03168776199133958, 99.69873734889953], Rotation: [4.187565477348903, 1.4599693843601138, 0.32919287904670486], Velocity: [-0.24939922984465687, -0.13380014891285702, -2.5598421541087903]
Position: [-0.0615405231035384, -0.03302576348046815, 99.67215792735844], Rotation: [4.161083367348903, 1.4310577543601137, 0.32919287904670486], Velocity: [-0.24573270730440816, -0.1318285139757256, -2.6742166867438906]
Position: [-0.06399785017658248, -0.03434404862022541, 99.64443476049101], Rotation: [4.134601257348903, 1.4021461243601137, 0.32919287904670486], Velocity: [-0.24206618476415945, -0.12985687903859416, -2.788591219378991]
Position: [-0.06641851202422408, -0.03564261741061135, 99.61556784829722], Rotation: [4.108119147348903, 1.3732344943601136, 0.32919287904670486], Velocity: [-0.23839966222391074, -0.12788524410146274, -2.902965752014091]
Position: [-0.06880250864646319, -0.036921469851625976, 99.58555719077708], Rotation: [4.081637037348903, 1.3443228643601135, 0.32919287904670486], Velocity: [-0.23473313968366202, -0.1259136091643313, -3.0173402846491912]
Position: [-0.0711498400432998, -0.03818060594326929, 99.55440278793058], Rotation: [4.055154927348903, 1.3154112343601134, 0.32919287904670486], Velocity: [-0.2310666171434133, -0.12394197422719988, -3.1317148172842915]
Position: [-0.07346050621473393, -0.03942002568554129, 99.52210463975774], Rotation: [4.0286728173489035, 1.2864996043601133, 0.32919287904670486], Velocity: [-0.2274000946031646, -0.12197033929006845, -3.2460893499193917]
Position: [-0.07573450716076557, -0.040639729078441975, 99.48866274625856], Rotation: [4.002190707348904, 1.2575879743601133, 0.32919287904670486], Velocity: [-0.2237335720629159, -0.11999870435293702, -3.360463882554492]
Position: [-0.07797184288139473, -0.04183971612197134, 99.45407710743301], Rotation: [3.9757085973489037, 1.2286763443601132, 0.32919287904670486], Velocity: [-0.22006704952266717, -0.1180270694158056, -3.474838415189592]
Position: [-0.0801725133766214, -0.043019986816129396, 99.41834772328112], Rotation: [3.949226487348904, 1.1997647143601131, 0.32919287904670486], Velocity: [-0.21640052698241846, -0.11605543447867417, -3.5892129478246924]
Position: [-0.08233651864644559, -0.04418054116091614, 99.38147459380286], Rotation: [3.922744377348904, 1.170853084360113, 0.32919287904670486], Velocity: [-0.21273400444216975, -0.11408379954154274, -3.7035874804597926]
Position: [-0.08446385869086728, -0.04532137915633157, 99.34345771899827], Rotation: [3.896262267348904, 1.141941454360113, 0.32919287904670486], Velocity: [-0.20906748190192104, -0.11211216460441131, -3.817962013094893]
Position: [-0.0865545335098865, -0.04644250080237568, 99.30429709886732], Rotation: [3.869780157348904, 1.1130298243601129, 0.32919287904670486], Velocity: [-0.20540095936167233, -0.11014052966727989, -3.932336545729993]
Position: [-0.08860854310350322, -0.047543906099048475, 99.26399273341002], Rotation: [3.8432980473489042, 1.0841181943601128, 0.32919287904670486], Velocity: [-0.2017344368214236, -0.10816889473014846, -4.046711078365093]
Position: [-0.09062588747171746, -0.04862559504634996, 99.22254462262637], Rotation: [3.816821687348904, 1.0758162243601128, 0.32919287904670486], Velocity: [-0.15606310716466149, -0.0835757398216156, -4.0973903541296215]
Position: [-0.09218651854336407, -0.04946135244456611, 99.18058971908508], Rotation: [3.790345327348904, 1.0675142543601128, 0.32919287904670486], Velocity: [-0.11039177750789936, -0.05898258491308275, -4.14806962989415]
Position: [-0.09329043631844307, -0.050051178293696943, 99.13812802278613], Rotation: [3.7638689673489036, 1.0592122843601128, 0.32919287904670486], Velocity: [-0.06472044785113723, -0.0343894300045499, -4.198748905658678]
Position: [-0.09393764079695444, -0.05039507259374244, 99.09515953372954], Rotation: [3.7373926073489034, 1.0509103143601128, 0.32919287904670486], Velocity: [-0.019049118194375096, -0.009796275096017052, -4.249428181423206]
Position: [-0.09412813197889819, -0.05049303534470261, 99.0516842519153], Rotation: [3.7109162473489032, 1.0426083443601128, 0.32919287904670486], Velocity: [0.026622211462387038, 0.014796879812515797, -4.3001074571877345]
Position: [-0.09386190986427431, -0.05034506654657746, 99.00770217734343], Rotation: [3.684439887348903, 1.0343063743601129, 0.32919287904670486], Velocity: [0.07229354111914918, 0.03939003472104864, -4.350786732952263]
Position: [-0.09313897445308282, -0.04995116619936697, 98.96321331001391], Rotation: [3.657963527348903, 1.0260044043601129, 0.32919287904670486], Velocity: [0.1179648707759113, 0.0639831896295815, -4.401466008716791]
Position: [-0.09195932574532371, -0.04931133430307116, 98.91821764992675], Rotation: [3.6314871673489026, 1.0177024343601129, 0.32919287904670486], Velocity: [0.16363620043267343, 0.08857634453811435, -4.452145284481319]
Position: [-0.09032296374099698, -0.04842557085769001, 98.87271519708193], Rotation: [3.6050108073489024, 1.0094004643601129, 0.32919287904670486], Velocity: [0.20930753008943556, 0.1131694994466472, -4.502824560245847]
Position: [-0.08822988844010263, -0.04729387586322354, 98.82670595147947], Rotation: [3.5785344473489022, 1.001098494360113, 0.32919287904670486], Velocity: [0.2549788597461977, 0.13776265435518004, -4.553503836010376]
Position: [-0.08568009984264065, -0.04591624931967174, 98.78018991311936], Rotation: [3.552058087348902, 0.9927965243601129, 0.32919287904670486], Velocity: [0.30065018940295984, 0.16235580926371287, -4.604183111774904]
Position: [-0.08267359794861105, -0.04429269122703461, 98.73316708200161], Rotation: [3.525581727348902, 0.9844945543601129, 0.32919287904670486], Velocity: [0.34632151905972197, 0.1869489641722457, -4.654862387539432]
Position: [-0.07921038275801383, -0.042423201585312154, 98.68563745812622], Rotation: [3.4991053673489017, 0.9761925843601129, 0.32919287904670486], Velocity: [0.3919928487164841, 0.21154211908077855, -4.70554166330396]
Position: [-0.07529045427084899, -0.04030778039450437, 98.63760104149318], Rotation: [3.4726290073489015, 0.9678906143601129, 0.32919287904670486], Velocity: [0.4376641783732462, 0.2361352739893114, -4.756220939068489]
Position: [-0.07091381248711652, -0.03794642765461125, 98.5890578321025], Rotation: [3.4461526473489013, 0.9595886443601129, 0.32919287904670486], Velocity: [0.48333550803000835, 0.26072842889784426, -4.806900214833017]
Position: [-0.06608045740681644, -0.03533914336563281, 98.54000782995416], Rotation: [3.419676287348901, 0.9512866743601129, 0.32919287904670486], Velocity: [0.5290068376867705, 0.2853215838063771, -4.857579490597545]
Position: [-0.06079038902994873, -0.03248592752756904, 98.49045103504818], Rotation: [3.393199927348901, 0.942984704360113, 0.32919287904670486], Velocity: [0.5746781673435326, 0.30991473871491, -4.908258766362073]
Position: [-0.055043607356513403, -0.02938678014041994, 98.44038744738457], Rotation: [3.3667235673489007, 0.934682734360113, 0.32919287904670486], Velocity: [0.6203494970002947, 0.33450789362344285, -4.958938042126602]
Position: [-0.048840112386510454, -0.026041701204185513, 98.3898170669633], Rotation: [3.3402472073489005, 0.926380764360113, 0.32919287904670486], Velocity: [0.6660208266570569, 0.3591010485319757, -5.00961731789113]
Position: [-0.04217990411993988, -0.022450690718865754, 98.33873989378439], Rotation: [3.3137708473489003, 0.918078794360113, 0.32919287904670486], Velocity: [0.711692156313819, 0.3836942034405086, -5.060296593655658]
Position: [-0.035062982556801695, -0.018613748684460668, 98.28715592784783], Rotation: [3.2872944873489, 0.909776824360113, 0.32919287904670486], Velocity: [0.7573634859705811, 0.40828735834904145, -5.110975869420186]
Position: [-0.027489347697095885, -0.014530875100970253, 98.23506516915363], Rotation: [3.2608181273489, 0.901474854360113, 0.32919287904670486], Velocity: [0.8030348156273432, 0.4328805132575743, -5.161655145184715]
Position: [-0.019458999540822454, -0.01020206996839451, 98.18246761770177], Rotation: [3.2343417673488997, 0.893172884360113, 0.32919287904670486], Velocity: [0.8487061452841054, 0.4574736681661072, -5.212334420949243]
Position: [-0.0109719380879814, -0.005627333286733438, 98.12936327349229], Rotation: [3.2078654073488995, 0.884870914360113, 0.32919287904670486], Velocity: [0.8943774749408675, 0.48206682307464005, -5.263013696713771]
Position: [-0.002028163338572725, -0.0008066650559870377, 98.07575213652515], Rotation: [3.1813890473488993, 0.876568944360113, 0.32919287904670486], Velocity: [0.9400488045976296, 0.5066599779831729, -5.313692972478299]
Position: [0.007372324707403571, 0.004259934723844691, 98.02163420680037], Rotation: [3.154912687348899, 0.868266974360113, 0.32919287904670486], Velocity: [0.9857201342543918, 0.5312531328917057, -5.3643722482428275]
Position: [0.01722952604994749, 0.009572466052761748, 97.96700948431794], Rotation: [3.128436327348899, 0.859965004360113, 0.32919287904670486], Velocity: [1.0313914639111539, 0.5558462878002386, -5.415051524007356]
Position: [0.027543440689059027, 0.015130928930764134, 97.91187796907786], Rotation: [3.1019599673488987, 0.851663034360113, 0.32919287904670486], Velocity: [1.077062793567916, 0.5804394427087715, -5.465730799771884]
Position: [0.038314068624738185, 0.02093532335785185, 97.85623966108014], Rotation: [3.0754836073488985, 0.843361064360113, 0.32919287904670486], Velocity: [1.1227341232246781, 0.6050325976173043, -5.516410075536412]
Position: [0.049541409856984964, 0.026985649334024895, 97.80009456032478], Rotation: [3.0490072473488983, 0.835059094360113, 0.32919287904670486], Velocity: [1.1684054528814403, 0.6296257525258372, -5.5670893513009405]
Position: [0.061225464385799365, 0.03328190685928327, 97.74344266681177], Rotation: [3.022530887348898, 0.8267571243601131, 0.32919287904670486], Velocity: [1.2140767825382024, 0.6542189074343701, -5.617768627065469]
Position: [0.07336623221118138, 0.03982409593362697, 97.68628398054112], Rotation: [2.996054527348898, 0.8184551543601131, 0.32919287904670486], Velocity: [1.2597481121949645, 0.6788120623429029, -5.668447902829997]
Position: [0.08596371333313102, 0.046612216557056003, 97.62861850151282], Rotation: [2.969583917348898, 0.830764764360113, 0.32919287904670486], Velocity: [1.2384537551260237, 0.6673296507066679, -5.75799447131907]
Position: [0.09834825088439125, 0.053285513064122686, 97.57005755679963], Rotation: [2.9431133073488978, 0.843074374360113, 0.32919287904670486], Velocity: [1.217159398057083, 0.655847239070433, -5.847541039808143]
Position: [0.11051984486496208, 0.05984398545482702, 97.51060114640154], Rotation: [2.9166426973488977, 0.855383984360113, 0.32919287904670486], Velocity: [1.1958650409881422, 0.644364827434198, -5.937087608297216]
Position: [0.1224784952748435, 0.066287633729169, 97.45024927031857], Rotation: [2.8901720873488976, 0.867693594360113, 0.32919287904670486], Velocity: [1.1745706839192014, 0.632882415797963, -6.026634176786289]
Position: [0.13422420211403552, 0.07261645788714863, 97.3890019285507], Rotation: [2.8637014773488976, 0.8800032043601129, 0.32919287904670486], Velocity: [1.1532763268502606, 0.621400004161728, -6.116180745275362]
Position: [0.14575696538253813, 0.0788304579287659, 97.32685912109794], Rotation: [2.8372308673488975, 0.8923128143601129, 0.32919287904670486], Velocity: [1.1319819697813198, 0.609917592525493, -6.205727313764435]
Position: [0.15707678508035133, 0.08492963385402083, 97.26382084796029], Rotation: [2.8107602573488975, 0.9046224243601129, 0.32919287904670486], Velocity: [1.110687612712379, 0.5984351808892581, -6.295273882253508]
Position: [0.16818366120747513, 0.09091398566291341, 97.19988710913775], Rotation: [2.7842896473488974, 0.9169320343601128, 0.32919287904670486], Velocity: [1.0893932556434383, 0.5869527692530231, -6.384820450742581]
Position: [0.17907759376390953, 0.09678351335544363, 97.13505790463032], Rotation: [2.7578190373488973, 0.9292416443601128, 0.32919287904670486], Velocity: [1.0680988985744975, 0.5754703576167881, -6.4743670192316545]
Position: [0.18975858274965451, 0.10253821693161151, 97.069333234438], Rotation: [2.7313484273488973, 0.9415512543601128, 0.32919287904670486], Velocity: [1.0468045415055567, 0.5639879459805531, -6.5639135877207275]
Position: [0.20022662816471007, 0.10817809639141704, 97.0027130985608], Rotation: [2.704877817348897, 0.9538608643601127, 0.32919287904670486], Velocity: [1.025510184436616, 0.5525055343443181, -6.653460156209801]
Position: [0.21048173000907622, 0.11370315173486022, 96.93519749699871], Rotation: [2.678407207348897, 0.9661704743601127, 0.32919287904670486], Velocity: [1.0042158273676751, 0.5410231227080832, -6.743006724698874]
Position: [0.22052388828275296, 0.11911338296194104, 96.86678642975173], Rotation: [2.651936597348897, 0.9784800843601127, 0.32919287904670486], Velocity: [0.9829214702987343, 0.5295407110718482, -6.832553293187947]
Position: [0.2303531029857403, 0.12440879007265952, 96.79747989681985], Rotation: [2.625465987348897, 0.9907896943601127, 0.32919287904670486], Velocity: [0.9616271132297936, 0.5180582994356132, -6.92209986167702]
Position: [0.23996937411803823, 0.12958937306701565, 96.72727789820308], Rotation: [2.598995377348897, 1.0030993043601126, 0.32919287904670486], Velocity: [0.9403327561608528, 0.5065758877993782, -7.011646430166093]
Position: [0.24937270167964676, 0.13465513194500944, 96.65618043390143], Rotation: [2.572524767348897, 1.0154089143601126, 0.32919287904670486], Velocity: [0.919038399091912, 0.49509347616314325, -7.101192998655166]
Position: [0.25856308567056585, 0.13960606670664089, 96.58418750391488], Rotation: [2.546054157348897, 1.0277185243601126, 0.32919287904670486], Velocity: [0.8977440420229712, 0.4836110645269083, -7.190739567144239]
Position: [0.26754052609079554, 0.14444217735190998, 96.51129910824343], Rotation: [2.519583547348897, 1.0400281343601125, 0.32919287904670486], Velocity: [0.8764496849540304, 0.4721286528906733, -7.280286135633312]
Position: [0.2763050229403358, 0.14916346388081672, 96.4375152468871], Rotation: [2.4931129373488967, 1.0523377443601125, 0.32919287904670486], Velocity: [0.8551553278850896, 0.4606462412544383, -7.369832704122385]
Position: [0.2848565762191867, 0.15376992629336111, 96.36283591984588], Rotation: [2.4666423273488967, 1.0646473543601125, 0.32919287904670486], Velocity: [0.8338609708161488, 0.44916382961820334, -7.459379272611458]
Position: [0.29319518592734817, 0.15826156458954316, 96.28726112711976], Rotation: [2.4401717173488966, 1.0769569643601125, 0.32919287904670486], Velocity: [0.8125666137472081, 0.43768141798196836, -7.548925841100531]
Position: [0.30132085206482023, 0.16263837876936285, 96.21079086870876], Rotation: [2.4137011073488965, 1.0892665743601124, 0.32919287904670486], Velocity: [0.7912722566782673, 0.4261990063457334, -7.638472409589604]
Position: [0.3092335746316029, 0.1669003688328202, 96.13342514461286], Rotation: [2.3872304973488965, 1.1015761843601124, 0.32919287904670486], Velocity: [0.7699778996093265, 0.4147165947094984, -7.728018978078677]
Position: [0.31693335362769615, 0.1710475347799152, 96.05516395483207], Rotation: [2.3607598873488964, 1.1138857943601124, 0.32919287904670486], Velocity: [0.7486835425403857, 0.4032341830732634, -7.81756554656775]
Position: [0.3244201890531, 0.17507987661064783, 95.97600729936639], Rotation: [2.3342892773488964, 1.1261954043601123, 0.32919287904670486], Velocity: [0.7273891854714449, 0.39175177143702844, -7.907112115056823]
Position: [0.33169408090781444, 0.17899739432501813, 95.89595517821581], Rotation: [2.3078186673488963, 1.1385050143601123, 0.32919287904670486], Velocity: [0.7060948284025041, 0.38026935980079346, -7.996658683545896]
Position: [0.3387550291918395, 0.18280008792302607, 95.81500759138035], Rotation: [2.2813480573488962, 1.1508146243601123, 0.32919287904670486], Velocity: [0.6848004713335634, 0.3687869481645585, -8.08620525203497]
Position: [0.3456030339051751, 0.18648795740467167, 95.73316453886], Rotation: [2.254877447348896, 1.1631242343601123, 0.32919287904670486], Velocity: [0.6635061142646226, 0.3573045365283235, -8.175751820524043]
Position: [0.35223809504782133, 0.1900610027699549, 95.65042602065475], Rotation: [2.228406837348896, 1.1754338443601122, 0.32919287904670486], Velocity: [0.6422117571956818, 0.3458221248920885, -8.265298389013116]
Position: [0.35866021261977815, 0.1935192240188758, 95.56679203676461], Rotation: [2.201936227348896, 1.1877434543601122, 0.32919287904670486], Velocity: [0.620917400126741, 0.33433971325585354, -8.35484495750219]
Position: [0.36486938662104557, 0.19686262115143435, 95.4822625871896], Rotation: [2.175465617348896, 1.2000530643601122, 0.32919287904670486], Velocity: [0.5996230430578002, 0.32285730161961856, -8.444391525991263]
Position: [0.3708656170516236, 0.20009119416763055, 95.39683767192969], Rotation: [2.148995007348896, 1.2123626743601121, 0.32919287904670486], Velocity: [0.5783286859888594, 0.3113748899833836, -8.533938094480336]
Position: [0.3766489039115122, 0.2032049430674644, 95.31051729098489], Rotation: [2.122532077348896, 1.182448174360112, 0.32919287904670486], Velocity: [0.5887441796282252, 0.3170014951381307, -8.710290579199649]
Position: [0.38253634570779443, 0.2063749580188457, 95.2224333851929], Rotation: [2.0960691473488957, 1.152533674360112, 0.32919287904670486], Velocity: [0.599159673267591, 0.3226281002928778, -8.886643063918962]
Position: [0.38852794244047034, 0.20960123902177447, 95.1325859545537], Rotation: [2.0696062173488956, 1.122619174360112, 0.32919287904670486], Velocity: [0.6095751669069568, 0.3282547054476249, -9.062995548638275]
Position: [0.3946236941095399, 0.21288378607625072, 95.04097499906732], Rotation: [2.0431432873488955, 1.0927046743601119, 0.32919287904670486], Velocity: [0.6199906605463226, 0.33388131060237203, -9.239348033357588]
Position: [0.4008236007150031, 0.21622259918227443, 94.94760051873374], Rotation: [2.0166803573488954, 1.0627901743601118, 0.32919287904670486], Velocity: [0.6304061541856883, 0.33950791575711914, -9.415700518076902]
Position: [0.40712766225686, 0.21961767833984563, 94.85246251355296], Rotation: [1.9902174273488953, 1.0328756743601117, 0.32919287904670486], Velocity: [0.6408216478250541, 0.34513452091186625, -9.592053002796215]
Position: [0.4135358787351105, 0.2230690235489643, 94.755560983525], Rotation: [1.9637544973488952, 1.0029611743601117, 0.32919287904670486], Velocity: [0.6512371414644199, 0.35076112606661336, -9.768405487515528]
Position: [0.4200482501497547, 0.22657663480963042, 94.65689592864985], Rotation: [1.937291567348895, 0.9730466743601117, 0.32919287904670486], Velocity: [0.6616526351037857, 0.35638773122136047, -9.944757972234841]
Position: [0.4266647765007926, 0.23014051212184403, 94.5564673489275], Rotation: [1.910828637348895, 0.9431321743601118, 0.32919287904670486], Velocity: [0.6720681287431515, 0.3620143363761076, -10.121110456954154]
Position: [0.4333854577882241, 0.2337606554856051, 94.45427524435796], Rotation: [1.8843657073488949, 0.9132176743601118, 0.32919287904670486], Velocity: [0.6824836223825173, 0.3676409415308547, -10.297462941673468]
Position: [0.4402102940120493, 0.23743706490091365, 94.35031961494123], Rotation: [1.8579027773488948, 0.8833031743601119, 0.32919287904670486], Velocity: [0.692899116021883, 0.3732675466856018, -10.47381542639278]
Position: [0.44713928517226814, 0.24116974036776967, 94.2446004606773], Rotation: [1.8314398473488946, 0.8533886743601119, 0.32919287904670486], Velocity: [0.7033146096612488, 0.3788941518403489, -10.650167911112094]
Position: [0.4541724312688806, 0.24495868188617315, 94.13711778156619], Rotation: [1.8049769173488945, 0.8234741743601119, 0.32919287904670486], Velocity: [0.7137301033006146, 0.384520756995096, -10.826520395831407]
Position: [0.46130973230188677, 0.2488038894561241, 94.02787157760787], Rotation: [1.7785139873488944, 0.793559674360112, 0.32919287904670486], Velocity: [0.7241455969399804, 0.39014736214984314, -11.00287288055072]
Position: [0.46855118827128656, 0.25270536307762254, 93.91686184880236], Rotation: [1.7520510573488943, 0.763645174360112, 0.32919287904670486], Velocity: [0.7345610905793462, 0.39577396730459025, -11.179225365270034]
Position: [0.47589679917708, 0.25666310275066845, 93.80408859514965], Rotation: [1.7255881273488942, 0.7337306743601121, 0.32919287904670486], Velocity: [0.7449765842187119, 0.40140057245933736, -11.355577849989347]
Position: [0.4833465650192671, 0.2606771084752618, 93.68955181664975], Rotation: [1.6991251973488941, 0.7038161743601121, 0.32919287904670486], Velocity: [0.7553920778580777, 0.40702717761408447, -11.53193033470866]
Position: [0.4909004857978479, 0.26474738025140265, 93.57325151330267], Rotation: [1.672662267348894, 0.6739016743601122, 0.32919287904670486], Velocity: [0.7658075714974435, 0.4126537827688316, -11.708282819427973]
Position: [0.49855856151282235, 0.26887391807909095, 93.45518768510838], Rotation: [1.646199337348894, 0.6439871743601122, 0.32919287904670486], Velocity: [0.7762230651368093, 0.4182803879235787, -11.884635304147286]
Position: [0.5063207921641905, 0.27305672195832675, 93.33536033206691], Rotation: [1.6197364073488938, 0.6140726743601123, 0.32919287904670486], Velocity: [0.7866385587761751, 0.4239069930783258, -12.0609877888666]
Position: [0.5141871777519522, 0.27729579188911, 93.21376945417825], Rotation: [1.5932734773488937, 0.5841581743601123, 0.32919287904670486], Velocity: [0.7970540524155408, 0.4295335982330729, -12.237340273585913]
Position: [0.5221577182761076, 0.28159112787144075, 93.09041505144239], Rotation: [1.5668105473488936, 0.5542436743601123, 0.32919287904670486], Velocity: [0.8074695460549066, 0.43516020338782, -12.413692758305226]
Position: [0.5302324137366566, 0.28594272990531894, 92.96529712385934], Rotation: [1.5403476173488935, 0.5243291743601124, 0.32919287904670486], Velocity: [0.8178850396942724, 0.44078680854256713, -12.590045243024539]
Position: [0.5384112641335994, 0.2903505979907446, 92.8384156714291], Rotation: [1.5138846873488934, 0.4944146743601124, 0.32919287904670486], Velocity: [0.8283005333336382, 0.44641341369731424, -12.766397727743852]
Position: [0.5466942694669358, 0.29481473212771775, 92.70977069415167], Rotation: [1.4874217573488933, 0.4645001743601124, 0.32919287904670486], Velocity: [0.838716026973004, 0.45204001885206135, -12.942750212463165]
Position: [0.5550814297366659, 0.2993351323162384, 92.57936219202703], Rotation: [1.4609588273488932, 0.43458567436011236, 0.32919287904670486], Velocity: [0.8491315206123697, 0.45766662400680846, -13.119102697182479]
Position: [0.5635727449427895, 0.30391179855630646, 92.4471901650552], Rotation: [1.434495897348893, 0.40467117436011235, 0.32919287904670486], Velocity: [0.8595470142517355, 0.4632932291615556, -13.295455181901792]
Position: [0.5721682150853069, 0.308544730847922, 92.31325461323618], Rotation: [1.408032967348893, 0.37475667436011234, 0.32919287904670486], Velocity: [0.8699625078911013, 0.4689198343163027, -13.471807666621105]
Position: [0.5808678401642179, 0.313233929191085, 92.17755553656997], Rotation: [1.3815700373488928, 0.34484217436011233, 0.32919287904670486], Velocity: [0.8803780015304671, 0.4745464394710498, -13.648160151340418]
Position: [0.5896716201795226, 0.3179793935857955, 92.04009293505656], Rotation: [1.3551071073488927, 0.3149276743601123, 0.32919287904670486], Velocity: [0.8907934951698329, 0.4801730446257969, -13.824512636059731]
Position: [0.5985795551312209, 0.3227811240320535, 91.90086680869597], Rotation: [1.3286441773488926, 0.2850131743601123, 0.32919287904670486], Velocity: [0.9012089888091986, 0.485799649780544, -14.000865120779045]
Position: [0.6075916450193128, 0.32763912052985894, 91.75987715748818], Rotation: [1.3021812473488925, 0.2550986743601123, 0.32919287904670486], Velocity: [0.9116244824485644, 0.49142625493529113, -14.177217605498358]
Position: [0.6167078898437985, 0.33255338307921184, 91.6171239814332], Rotation: [1.2757240673488925, 0.2457938343601123, 0.32919287904670486], Velocity: [0.9359737854552123, 0.5045982042945591, -14.25469241412108]
Position: [0.6260676276983507, 0.33759936512215744, 91.47359605729199], Rotation: [1.2492668873488926, 0.23648899436011228, 0.32919287904670486], Velocity: [0.9603230884618601, 0.5177701536538272, -14.3321672227438]
Position: [0.6356708585829692, 0.34277706665869573, 91.32929338506455], Rotation: [1.2228097073488926, 0.22718415436011227, 0.32919287904670486], Velocity: [0.9846723914685079, 0.5309421030130952, -14.409642031366522]
Position: [0.6455175824976543, 0.34808648768882666, 91.18421596475088], Rotation: [1.1963525273488926, 0.21787931436011226, 0.32919287904670486], Velocity: [1.0090216944751558, 0.5441140523723632, -14.487116839989243]
Position: [0.6556077994424059, 0.3535276282125503, 91.03836379635098], Rotation: [1.1698953473488927, 0.20857447436011226, 0.32919287904670486], Velocity: [1.0333709974818037, 0.5572860017316312, -14.564591648611964]
Position: [0.665941509417224, 0.3591004882298666, 90.89173687986487], Rotation: [1.1434381673488927, 0.19926963436011225, 0.32919287904670486], Velocity: [1.0577203004884517, 0.5704579510908993, -14.642066457234685]
Position: [0.6765187124221085, 0.3648050677407756, 90.74433521529252], Rotation: [1.1169809873488927, 0.18996479436011224, 0.32919287904670486], Velocity: [1.0820696034950996, 0.5836299004501673, -14.719541265857407]
Position: [0.6873394084570594, 0.37064136674527726, 90.59615880263395], Rotation: [1.0905238073488928, 0.18065995436011223, 0.32919287904670486], Velocity: [1.1064189065017476, 0.5968018498094353, -14.797016074480128]
Position: [0.6984035975220769, 0.3766093852433716, 90.44720764188915], Rotation: [1.0640666273488928, 0.17135511436011222, 0.32919287904670486], Velocity: [1.1307682095083955, 0.6099737991687033, -14.87449088310285]
Position: [0.7097112796171609, 0.3827091232350587, 90.29748173305812], Rotation: [1.0376094473488928, 0.1620502743601122, 0.32919287904670486], Velocity: [1.1551175125150435, 0.6231457485279713, -14.95196569172557]
Position: [0.7212624547423113, 0.3889405807203384, 90.14698107614086], Rotation: [1.0111522673488929, 0.1527454343601122, 0.32919287904670486], Velocity: [1.1794668155216914, 0.6363176978872394, -15.029440500348292]
Position: [0.7330571228975282, 0.3953037576992108, 89.99570567113737], Rotation: [0.9846950873488929, 0.1434405943601122, 0.32919287904670486], Velocity: [1.2038161185283394, 0.6494896472465074, -15.106915308971013]
Position: [0.7450952840828117, 0.4017986541716759, 89.84365551804767], Rotation: [0.9582379073488929, 0.13413575436011219, 0.32919287904670486], Velocity: [1.2281654215349873, 0.6626615966057754, -15.184390117593734]
Position: [0.7573769382981616, 0.4084252701377336, 89.69083061687174], Rotation: [0.931780727348893, 0.12483091436011219, 0.32919287904670486], Velocity: [1.2525147245416353, 0.6758335459650434, -15.261864926216456]
Position: [0.7699020855435779, 0.41518360559738404, 89.53723096760957], Rotation: [0.905323547348893, 0.1155260743601122, 0.32919287904670486], Velocity: [1.2768640275482832, 0.6890054953243114, -15.339339734839177]
Position: [0.7826707258190607, 0.42207366055062717, 89.38285657026118], Rotation: [0.878866367348893, 0.1062212343601122, 0.32919287904670486], Velocity: [1.3012133305549312, 0.7021774446835795, -15.416814543461898]
Position: [0.79568285912461, 0.42909543499746294, 89.22770742482656], Rotation: [0.852409187348893, 0.0969163943601122, 0.32919287904670486], Velocity: [1.325562633561579, 0.7153493940428475, -15.49428935208462]
Position: [0.8089384854602258, 0.4362489289378914, 89.07178353130571], Rotation: [0.8259520073488931, 0.08761155436011221, 0.32919287904670486], Velocity: [1.349911936568227, 0.7285213434021155, -15.57176416070734]
Position: [0.8224376048259081, 0.4435341423719126, 88.91508488969863], Rotation: [0.7994948273488931, 0.07830671436011222, 0.32919287904670486], Velocity: [1.374261239574875, 0.7416932927613835, -15.649238969330062]
Position: [0.8361802172216568, 0.45095107529952644, 88.75761150000534], Rotation: [0.7730376473488931, 0.06900187436011222, 0.32919287904670486], Velocity: [1.398610542581523, 0.7548652421206515, -15.726713777952783]
Position: [0.850166322647472, 0.45849972772073294, 88.59936336222582], Rotation: [0.7465804673488932, 0.05969703436011222, 0.32919287904670486], Velocity: [1.422959845588171, 0.7680371914799196, -15.804188586575505]
Position: [0.8643959211033537, 0.46618009963553214, 88.44034047636006], Rotation: [0.7201232873488932, 0.05039219436011222, 0.32919287904670486], Velocity: [1.4473091485948189, 0.7812091408391876, -15.881663395198226]
Position: [0.878869012589302, 0.47399219104392404, 88.28054284240808], Rotation: [0.6936661073488932, 0.04108735436011222, 0.32919287904670486], Velocity: [1.4716584516014668, 0.7943810901984556, -15.959138203820947]
Position: [0.8935855971053166, 0.4819360019459086, 88.11997046036987], Rotation: [0.6672089273488933, 0.031782514360112216, 0.32919287904670486], Velocity: [1.4960077546081147, 0.8075530395577236, -16.036613012443667]
Position: [0.9085456746513978, 0.4900115323414858, 87.95862333024543], Rotation: [0.6407517473488933, 0.022477674360112214, 0.32919287904670486], Velocity: [1.5203570576147627, 0.8207249889169916, -16.114087821066388]
Position: [0.9237492452275454, 0.49821878223065574, 87.79650145203476], Rotation: [0.6142945673488933, 0.013172834360112214, 0.32919287904670486], Velocity: [1.5447063606214106, 0.8338969382762597, -16.19156262968911]
Position: [0.9391963088337595, 0.5065577516134183, 87.63360482573788], Rotation: [0.5878373873488933, 0.003867994360112214, 0.32919287904670486], Velocity: [1.5690556636280586, 0.8470688876355277, -16.26903743831183]
Position: [0.9548868654700401, 0.5150284404897736, 87.46993345135476], Rotation: [0.5613802073488934, -0.005436845639887786, 0.32919287904670486], Velocity: [1.5934049666347065, 0.8602408369947957, -16.34651224693455]
Position: [0.9708209151363871, 0.5236308488597216, 87.30548732888542], Rotation: [0.5349230273488934, -0.014741685639887786, 0.32919287904670486], Velocity: [1.6177542696413545, 0.8734127863540637, -16.423987055557273]
Position: [0.9869984578328007, 0.5323649767232622, 87.14026645832985], Rotation: [0.5084658473488934, -0.024046525639887788, 0.32919287904670486], Velocity: [1.6421035726480024, 0.8865847357133317, -16.501461864179994]
Position: [1.0034194935592808, 0.5412308240803956, 86.97427083968805], Rotation: [0.4820086673488934, -0.03335136563988779, 0.32919287904670486], Velocity: [1.6664528756546504, 0.8997566850725998, -16.578936672802715]
Position: [1.0200840223158274, 0.5502283909311215, 86.80750047296002], Rotation: [0.4555572373488934, -0.02204462563988779, 0.32919287904670486], Velocity: [1.5964465725873425, 0.8618341684955096, -16.639542247552605]
Position: [1.036048488041701, 0.5588467326160766, 86.64012405048449], Rotation: [0.4291058073488934, -0.010737885639887791, 0.32919287904670486], Velocity: [1.5264402695200345, 0.8239116519184195, -16.700147822302494]
Position: [1.0513128907369012, 0.5670858491352608, 86.47214157226146], Rotation: [0.4026543773488934, 0.000568854360112208, 0.32919287904670486], Velocity: [1.4564339664527266, 0.7859891353413294, -16.760753397052383]
Position: [1.0658772304014283, 0.5749457404886741, 86.30355303829094], Rotation: [0.3762029473488934, 0.011875594360112207, 0.32919287904670486], Velocity: [1.3864276633854187, 0.7480666187642393, -16.821358971802272]
Position: [1.0797415070352825, 0.5824264066763165, 86.13435844857293], Rotation: [0.3497515173488934, 0.023182334360112206, 0.32919287904670486], Velocity: [1.3164213603181107, 0.7101441021871492, -16.88196454655216]
Position: [1.0929057206384636, 0.589527847698188, 85.9645578031074], Rotation: [0.32330008734889343, 0.034489074360112205, 0.32919287904670486], Velocity: [1.2464150572508028, 0.6722215856100591, -16.94257012130205]
Position: [1.1053698712109716, 0.5962500635542886, 85.79415110189437], Rotation: [0.29684865734889343, 0.04579581436011221, 0.32919287904670486], Velocity: [1.1764087541834949, 0.634299069032969, -17.00317569605194]
Position: [1.1171339587528066, 0.6025930542446183, 85.62313834493385], Rotation: [0.27039722734889343, 0.057102554360112204, 0.32919287904670486], Velocity: [1.106402451116187, 0.5963765524558788, -17.06378127080183]
Position: [1.1281979832639686, 0.6085568197691771, 85.45151953222583], Rotation: [0.24394579734889343, 0.0684092943601122, 0.32919287904670486], Velocity: [1.036396148048879, 0.5584540358787887, -17.12438684555172]
Position: [1.1385619447444573, 0.6141413601279649, 85.27929466377032], Rotation: [0.21749436734889344, 0.0797160343601122, 0.32919287904670486], Velocity: [0.9663898449815712, 0.5205315193016986, -17.184992420301608]
Position: [1.148225843194273, 0.619346675320982, 85.1064637395673], Rotation: [0.19104293734889344, 0.09102277436011219, 0.32919287904670486], Velocity: [0.8963835419142634, 0.4826090027246085, -17.245597995051497]
Position: [1.1571896786134155, 0.6241727653482281, 84.9330267596168], Rotation: [0.16459150734889344, 0.10232951436011219, 0.32919287904670486], Velocity: [0.8263772388469556, 0.4446864861475184, -17.306203569801387]
Position: [1.165453451001885, 0.6286196302097032, 84.75898372391877], Rotation: [0.13814007734889344, 0.11363625436011218, 0.32919287904670486], Velocity: [0.7563709357796478, 0.40676396957042826, -17.366809144551276]
Position: [1.1730171603596815, 0.6326872699054075, 84.58433463247326], Rotation: [0.11168864734889344, 0.12494299436011218, 0.32919287904670486], Velocity: [0.6863646327123399, 0.36884145299333815, -17.427414719301165]
Position: [1.179880806686805, 0.6363756844353409, 84.40907948528024], Rotation: [0.08523721734889345, 0.13624973436011217, 0.32919287904670486], Velocity: [0.6163583296450321, 0.33091893641624803, -17.488020294051054]
Position: [1.1860443899832553, 0.6396848737995033, 84.23321828233973], Rotation: [0.05878578734889345, 0.14755647436011218, 0.32919287904670486], Velocity: [0.5463520265777243, 0.2929964198391579, -17.548625868800944]
Position: [1.1915079102490327, 0.6426148379978949, 84.05675102365173], Rotation: [0.03233435734889345, 0.1588632143601122, 0.32919287904670486], Velocity: [0.4763457235104165, 0.2550739032620678, -17.609231443550833]
Position: [1.1962713674841368, 0.6451655770305156, 83.87967770921622], Rotation: [0.0058829273488934485, 0.1701699543601122, 0.32919287904670486], Velocity: [0.40633942044310867, 0.21715138668497772, -17.669837018300722]
Position: [1.2003347616885678, 0.6473370908973654, 83.70199833903322], Rotation: [-0.020568502651106553, 0.1814766943601122, 0.32919287904670486], Velocity: [0.33633311737580085, 0.17922887010788763, -17.73044259305061]
Position: [1.2036980928623258, 0.6491293795984442, 83.52371291310271], Rotation: [-0.04701993265110656, 0.19278343436011222, 0.32919287904670486], Velocity: [0.26632681430849303, 0.14130635353079754, -17.7910481678005]
Position: [1.2063613610054107, 0.6505424431337522, 83.3448214314247], Rotation: [-0.07347136265110656, 0.20409017436011223, 0.32919287904670486], Velocity: [0.19632051124118519, 0.10338383695370745, -17.85165374255039]
Position: [1.2083245661178226, 0.6515762815032893, 83.1653238939992], Rotation: [-0.09992279265110655, 0.21539691436011224, 0.32919287904670486], Velocity: [0.12631420817387734, 0.06546132037661737, -17.91225931730028]
Position: [1.2095877081995614, 0.6522308947070554, 82.9852203008262], Rotation: [-0.12637422265110657, 0.22670365436011225, 0.32919287904670486], Velocity: [0.056307905106569495, 0.02753880379952727, -17.97286489205017]
Position: [1.2101507872506272, 0.6525062827450507, 82.8045106519057], Rotation: [-0.15282565265110656, 0.23801039436011226, 0.32919287904670486], Velocity: [-0.013698397960738351, -0.010383712777562823, -18.033470466800058]
Position: [1.2100138032710197, 0.6524024456172751, 82.6231949472377], Rotation: [-0.17927708265110656, 0.24931713436011227, 0.32919287904670486], Velocity: [-0.0837047010280462, -0.04830622935465292, -18.094076041549947]
Position: [1.2091767562607392, 0.6519193833237286, 82.4412731868222], Rotation: [-0.20572851265110656, 0.26062387436011225, 0.32919287904670486], Velocity: [-0.15371100409535404, -0.08622874593174301, -18.154681616299836]
Position: [1.2076396462197856, 0.6510570958644112, 82.2587453706592], Rotation: [-0.23217994265110656, 0.27193061436011223, 0.32919287904670486], Velocity: [-0.2237173071626619, -0.1241512625088331, -18.215287191049725]
Position: [1.205402473148159, 0.6498155832393229, 82.0756114987487], Rotation: [-0.2586313726511066, 0.2832373543601122, 0.32919287904670486], Velocity: [-0.29372361022996973, -0.1620737790859232, -18.275892765799615]
Position: [1.2024652370458593, 0.6481948454484636, 81.8918715710907], Rotation: [-0.2850828026511066, 0.2945440943601122, 0.32919287904670486], Velocity: [-0.36372991329727755, -0.19999629566301327, -18.336498340549504]
Position: [1.1988279379128866, 0.6461948824918334, 81.70752558768521], Rotation: [-0.3115342326511066, 0.3058508343601122, 0.32919287904670486], Velocity: [-0.43373621636458537, -0.23791881224010336, -18.397103915299393]
Position: [1.1944905757492408, 0.6438156943694324, 81.52257354853222], Rotation: [-0.3379856626511066, 0.31715757436011216, 0.32919287904670486], Velocity: [-0.5037425194318932, -0.2758413288171935, -18.457709490049282]
Position: [1.189453150554922, 0.6410572810812605, 81.33701545363174], Rotation: [-0.3644370926511066, 0.32846431436011214, 0.32919287904670486], Velocity: [-0.573748822499201, -0.3137638453942836, -18.51831506479917]
Position: [1.1837156623299299, 0.6379196426273176, 81.15085130298374], Rotation: [-0.3908827726511066, 0.29754694436011214, 0.32919287904670486], Velocity: [-0.5718482418031299, -0.3127328841003058, -18.659748234204258]
Position: [1.1779971799118987, 0.6347923137863145, 80.96327282064169], Rotation: [-0.41732845265110663, 0.26662957436011214, 0.32919287904670486], Velocity: [-0.5699476611070587, -0.311701922806328, -18.801181403609345]
Position: [1.1722977033008282, 0.6316752945582512, 80.7742800066056], Rotation: [-0.44377413265110666, 0.23571220436011214, 0.32919287904670486], Velocity: [-0.5680470804109876, -0.31067096151235024, -18.94261457301443]
Position: [1.1666172324967183, 0.6285685849431277, 80.58387286087545], Rotation: [-0.4702198126511067, 0.20479483436011214, 0.32919287904670486], Velocity: [-0.5661464997149165, -0.30964000021837246, -19.084047742419518]
Position: [1.1609557674995692, 0.625472184940944, 80.39205138345125], Rotation: [-0.4966654926511067, 0.17387746436011214, 0.32919287904670486], Velocity: [-0.5642459190188454, -0.3086090389243947, -19.225480911824604]
Position: [1.1553133083093807, 0.6223860945517001, 80.198815574333], Rotation: [-0.5231111726511067, 0.14296009436011214, 0.32919287904670486], Velocity: [-0.5623453383227742, -0.3075780776304169, -19.36691408122969]
Position: [1.149689854926153, 0.6193103137753959, 80.0041654335207], Rotation: [-0.5495568526511068, 0.11204272436011214, 0.32919287904670486], Velocity: [-0.5604447576267031, -0.3065471163364391, -19.508347250634777]
Position: [1.1440854073498858, 0.6162448426120315, 79.80810096101435], Rotation: [-0.5760025326511068, 0.08112535436011215, 0.32919287904670486], Velocity: [-0.558544176930632, -0.3055161550424613, -19.649780420039864]
Position: [1.1384999655805794, 0.6131896810616069, 79.61062215681395], Rotation: [-0.6024482126511068, 0.050207984360112146, 0.32919287904670486], Velocity: [-0.5566435962345608, -0.30448519374848354, -19.79121358944495]
Position: [1.132933529618234, 0.610144829124122, 79.4117290209195], Rotation: [-0.6288938926511068, 0.019290614360112143, 0.32919287904670486], Velocity: [-0.5547430155384897, -0.30345423245450576, -19.932646758850037]
Position: [1.127386099462849, 0.607110286799577, 79.211421553331], Rotation: [-0.6553395726511069, -0.01162675563988786, 0.32919287904670486], Velocity: [-0.5528424348424186, -0.302423271160528, -20.074079928255124]
Position: [1.121857675114425, 0.6040860540879718, 79.00969975404844], Rotation: [-0.6817852526511069, -0.04254412563988787, 0.32919287904670486], Velocity: [-0.5509418541463474, -0.3013923098665502, -20.21551309766021]
Position: [1.1163482565729614, 0.6010721309893062, 78.80656362307184], Rotation: [-0.7082309326511069, -0.07346149563988787, 0.32919287904670486], Velocity: [-0.5490412734502763, -0.3003613485725724, -20.356946267065297]
Position: [1.1108578438384586, 0.5980685175035805, 78.60201316040119], Rotation: [-0.734676612651107, -0.10437886563988787, 0.32919287904670486], Velocity: [-0.5471406927542052, -0.2993303872785946, -20.498379436470383]
Position: [1.1053864369109165, 0.5950752136307945, 78.39604836603648], Rotation: [-0.761122292651107, -0.13529623563988788, 0.32919287904670486], Velocity: [-0.545240112058134, -0.29829942598461684, -20.63981260587547]
Position: [1.099934035790335, 0.5920922193709484, 78.18866923997773], Rotation: [-0.787567972651107, -0.16621360563988788, 0.32919287904670486], Velocity: [-0.5433395313620629, -0.29726846469063906, -20.781245775280556]
Position: [1.0945006404767146, 0.589119534724042, 77.97987578222492], Rotation: [-0.814013652651107, -0.19713097563988788, 0.32919287904670486], Velocity: [-0.5414389506659918, -0.2962375033966613, -20.922678944685643]
Position: [1.0890862509700547, 0.5861571596900754, 77.76966799277807], Rotation: [-0.8404593326511071, -0.22804834563988788, 0.32919287904670486], Velocity: [-0.5395383699699207, -0.2952065421026835, -21.06411211409073]
Position: [1.0836908672703556, 0.5832050942690485, 77.55804587163716], Rotation: [-0.8669050126511071, -0.2589657156398879, 0.32919287904670486], Velocity: [-0.5376377892738495, -0.2941755808087057, -21.205545283495816]
Position: [1.078314489377617, 0.5802633384609615, 77.3450094188022], Rotation: [-0.8933506926511071, -0.2898830856398879, 0.32919287904670486], Velocity: [-0.5357372085777784, -0.2931446195147279, -21.346978452900903]
Position: [1.0729571172918393, 0.5773318922658142, 77.1305586342732], Rotation: [-0.9197963726511071, -0.3208004556398879, 0.32919287904670486], Velocity: [-0.5338366278817073, -0.29211365822075014, -21.48841162230599]
Position: [1.0676187510130222, 0.5744107556836067, 76.91469351805014], Rotation: [-0.9462420526511072, -0.3517178256398879, 0.32919287904670486], Velocity: [-0.5319360471856361, -0.29108269692677236, -21.629844791711076]
Position: [1.0622993905411657, 0.571499928714339, 76.69741407013304], Rotation: [-0.9726877326511072, -0.3826351956398879, 0.32919287904670486], Velocity: [-0.530035466489565, -0.29005173563279457, -21.771277961116162]
Position: [1.05699903587627, 0.5685994113580111, 76.47872029052188], Rotation: [-0.9991334126511072, -0.4135525656398879, 0.32919287904670486], Velocity: [-0.5281348857934939, -0.2890207743388168, -21.91271113052125]
Position: [1.0517176870183351, 0.5657092036146228, 76.25861217921667], Rotation: [-1.0255790926511072, -0.4444699356398879, 0.32919287904670486], Velocity: [-0.5262343050974227, -0.287989813044839, -22.054144299926335]
Position: [1.046455343967361, 0.5628293054841744, 76.03708973621741], Rotation: [-1.0520247726511072, -0.4753873056398879, 0.32919287904670486], Velocity: [-0.5243337244013516, -0.2869588517508612, -22.195577469331422]
Position: [1.0412120067233475, 0.5599597169666658, 75.8141529615241], Rotation: [-1.078470452651107, -0.5063046756398879, 0.32919287904670486], Velocity: [-0.5224331437052805, -0.28592789045688344, -22.33701063873651]
Position: [1.0359876752862947, 0.557100438062097, 75.58980185513674], Rotation: [-1.104916132651107, -0.537222045639888, 0.32919287904670486], Velocity: [-0.5205325630092094, -0.28489692916290565, -22.478443808141595]
Position: [1.0307823496562025, 0.5542514687704679, 75.36403641705533], Rotation: [-1.131361812651107, -0.568139415639888, 0.32919287904670486], Velocity: [-0.5186319823131382, -0.28386596786892787, -22.61987697754668]
Position: [1.025596029833071, 0.5514128090917787, 75.13685664727987], Rotation: [-1.1578074926511068, -0.5990567856398881, 0.32919287904670486], Velocity: [-0.5167314016170671, -0.2828350065749501, -22.761310146951768]
Position: [1.0204287158169003, 0.5485844590260291, 74.90826254581036], Rotation: [-1.1842531726511067, -0.6299741556398881, 0.32919287904670486], Velocity: [-0.514830820920996, -0.2818040452809723, -22.902743316356855]
Position: [1.0152804076076904, 0.5457664185732194, 74.6782541126468], Rotation: [-1.2106911826511066, -0.6402799456398881, 0.32919287904670486], Velocity: [-0.4418378617602274, -0.24213685951976996, -22.951021148012654]
Position: [1.0108620289900883, 0.5433450499780217, 74.44776290116667], Rotation: [-1.2371291926511065, -0.6505857356398881, 0.32919287904670486], Velocity: [-0.3688449025994588, -0.20246967375856761, -22.999298979668453]
Position: [1.0071735799640937, 0.541320353240436, 74.21678891136999], Rotation: [-1.2635672026511064, -0.6608915256398881, 0.32919287904670486], Velocity: [-0.2958519434386902, -0.16280248799736527, -23.04757681132425]
Position: [1.0042150605297069, 0.5396923283604624, 73.98533214325674], Rotation: [-1.2900052126511063, -0.671197315639888, 0.32919287904670486], Velocity: [-0.2228589842779216, -0.12313530223616292, -23.09585464298005]
Position: [1.0019864706869277, 0.5384609753381008, 73.75339259682694], Rotation: [-1.3164432226511062, -0.681503105639888, 0.32919287904670486], Velocity: [-0.14986602511715302, -0.08346811647496058, -23.14413247463585]
Position: [1.0004878104357562, 0.5376262941733512, 73.52097027208059], Rotation: [-1.3428812326511061, -0.691808895639888, 0.32919287904670486], Velocity: [-0.07687306595638445, -0.04380093071375823, -23.19241030629165]
Position: [0.9997190797761923, 0.5371882848662136, 73.28806516901767], Rotation: [-1.369319242651106, -0.702114685639888, 0.32919287904670486], Velocity: [-0.003880106795615873, -0.004133744952555876, -23.240688137947448]
Position: [0.9996802787082362, 0.537146947416688, 73.0546772876382], Rotation: [-1.395757252651106, -0.712420475639888, 0.32919287904670486], Velocity: [0.0691128523651527, 0.035533440808646476, -23.288965969603247]
Position: [1.0003714072318877, 0.5375022818247744, 72.82080662794216], Rotation: [-1.4221952626511059, -0.722726265639888, 0.32919287904670486], Velocity: [0.14210581152592128, 0.07520062656984883, -23.337243801259046]
Position: [1.0017924653471468, 0.5382542880904729, 72.58645318992957], Rotation: [-1.4486332726511058, -0.7330320556398879, 0.32919287904670486], Velocity: [0.21509877068668987, 0.11486781233105117, -23.385521632914845]
Position: [1.0039434530540137, 0.5394029662137835, 72.35161697360043], Rotation: [-1.4750712826511057, -0.7433378456398879, 0.32919287904670486], Velocity: [0.28809172984745846, 0.15453499809225352, -23.433799464570644]
Position: [1.0068243703524882, 0.540948316194706, 72.11629797895472], Rotation: [-1.5015092926511056, -0.7536436356398879, 0.32919287904670486], Velocity: [0.36108468900822704, 0.19420218385345586, -23.482077296226443]
Position: [1.0104352172425703, 0.5428903380332405, 71.88049620599246], Rotation: [-1.5279473026511055, -0.7639494256398879, 0.32919287904670486], Velocity: [0.43407764816899563, 0.2338693696146582, -23.530355127882242]
Position: [1.0147759937242604, 0.5452290317293871, 71.64421165471363], Rotation: [-1.5543853126511054, -0.7742552156398879, 0.32919287904670486], Velocity: [0.5070706073297642, 0.2735365553758606, -23.57863295953804]
Position: [1.0198466997975582, 0.5479643972831457, 71.40744432511825], Rotation: [-1.5808233226511053, -0.7845610056398878, 0.32919287904670486], Velocity: [0.5800635664905327, 0.31320374113706295, -23.62691079119384]
Position: [1.0256473354624636, 0.5510964346945163, 71.17019421720632], Rotation: [-1.6072613326511052, -0.7948667956398878, 0.32919287904670486], Velocity: [0.6530565256513012, 0.3528709268982653, -23.67518862284964]
Position: [1.0321779007189766, 0.5546251439634989, 70.93246133097782], Rotation: [-1.633699342651105, -0.8051725856398878, 0.32919287904670486], Velocity: [0.7260494848120698, 0.3925381126594677, -23.723466454505438]
Position: [1.0394383955670974, 0.5585505250900936, 70.69424566643276], Rotation: [-1.660137352651105, -0.8154783756398878, 0.32919287904670486], Velocity: [0.7990424439728383, 0.43220529842067007, -23.771744286161237]
Position: [1.0474288200068258, 0.5628725780743004, 70.45554722357114], Rotation: [-1.6865753626511049, -0.8257841656398878, 0.32919287904670486], Velocity: [0.8720354031336068, 0.47187248418187244, -23.820022117817036]
Position: [1.0561491740381619, 0.567591302916119, 70.21636600239297], Rotation: [-1.7130133726511048, -0.8360899556398877, 0.32919287904670486], Velocity: [0.9450283622943754, 0.5115396699430748, -23.868299949472835]
Position: [1.0655994576611056, 0.5727066996155498, 69.97670200289825], Rotation: [-1.7394513826511047, -0.8463957456398877, 0.32919287904670486], Velocity: [1.018021321455144, 0.5512068557042771, -23.916577781128634]
Position: [1.075779670875657, 0.5782187681725925, 69.73655522508696], Rotation: [-1.7658893926511046, -0.8567015356398877, 0.32919287904670486], Velocity: [1.0910142806159124, 0.5908740414654794, -23.964855612784433]
Position: [1.0866898136818162, 0.5841275085872474, 69.49592566895912], Rotation: [-1.7923274026511045, -0.8670073256398877, 0.32919287904670486], Velocity: [1.164007239776681, 0.6305412272266817, -24.013133444440232]
Position: [1.098329886079583, 0.5904329208595142, 69.25481333451471], Rotation: [-1.8187654126511044, -0.8773131156398877, 0.32919287904670486], Velocity: [1.2370001989374495, 0.670208412987884, -24.06141127609603]
Position: [1.1106998880689574, 0.597135004989393, 69.01321822175375], Rotation: [-1.8452034226511043, -0.8876189056398877, 0.32919287904670486], Velocity: [1.309993158098218, 0.7098755987490863, -24.10968910775183]
Position: [1.1237998196499395, 0.6042337609768839, 68.77114033067623], Rotation: [-1.8716414326511042, -0.8979246956398876, 0.32919287904670486], Velocity: [1.3829861172589866, 0.7495427845102887, -24.15796693940763]
Position: [1.1376296808225292, 0.6117291888219868, 68.52857966128215], Rotation: [-1.898079442651104, -0.9082304856398876, 0.32919287904670486], Velocity: [1.455979076419755, 0.789209970271491, -24.206244771063428]
Position: [1.1521894715867267, 0.6196212885247017, 68.28553621357152], Rotation: [-1.924517452651104, -0.9185362756398876, 0.32919287904670486], Velocity: [1.5289720355805236, 0.8288771560326933, -24.254522602719227]
Position: [1.167479191942532, 0.6279100600850286, 68.04200998754433], Rotation: [-1.9509554626511039, -0.9288420656398876, 0.32919287904670486], Velocity: [1.6019649947412922, 0.8685443417938956, -24.302800434375026]
Position: [1.183498841889945, 0.6365955035029676, 67.79800098320058], Rotation: [-1.9773934726511038, -0.9391478556398876, 0.32919287904670486], Velocity: [1.6749579539020607, 0.9082115275550979, -24.351078266030825]
Position: [1.2002484214289657, 0.6456776187785186, 67.55350920054028], Rotation: [-2.003831482651104, -0.9494536456398875, 0.32919287904670486], Velocity: [1.7479509130628292, 0.9478787133163002, -24.399356097686624]
Position: [1.217727930559594, 0.6551564059116816, 67.3085346395634], Rotation: [-2.030269492651104, -0.9597594356398875, 0.32919287904670486], Velocity: [1.8209438722235978, 0.9875458990775026, -24.447633929342423]
Position: [1.23593736928183, 0.6650318649024566, 67.06307730026998], Rotation: [-2.056701742651104, -0.9494555656398875, 0.32919287904670486], Velocity: [1.7815902036905806, 0.9661302283964465, -24.518852525799428]
Position: [1.2537532713187358, 0.674693167186421, 66.81690777501198], Rotation: [-2.083133992651104, -0.9391516956398875, 0.32919287904670486], Velocity: [1.7422365351575635, 0.9447145577153904, -24.590071122256433]
Position: [1.2711756366703115, 0.6841403127635749, 66.57002606378941], Rotation: [-2.109566242651104, -0.9288478256398875, 0.32919287904670486], Velocity: [1.7028828666245464, 0.9232988870343343, -24.661289718713437]
Position: [1.288204465336557, 0.6933733016339182, 66.32243216660228], Rotation: [-2.135998492651104, -0.9185439556398876, 0.32919287904670486], Velocity: [1.6635291980915292, 0.9018832163532782, -24.732508315170442]
Position: [1.3048397573174724, 0.702392133797451, 66.07412608345058], Rotation: [-2.1624307426511042, -0.9082400856398876, 0.32919287904670486], Velocity: [1.624175529558512, 0.8804675456722221, -24.803726911627447]
Position: [1.3210815126130575, 0.7111968092541733, 65.8251078143343], Rotation: [-2.1888629926511043, -0.8979362156398876, 0.32919287904670486], Velocity: [1.584821861025495, 0.859051874991166, -24.87494550808445]
Position: [1.3369297312233124, 0.719787328004085, 65.57537735925345], Rotation: [-2.2152952426511043, -0.8876323456398876, 0.32919287904670486], Velocity: [1.5454681924924778, 0.8376362043101099, -24.946164104541456]
Position: [1.3523844131482372, 0.7281636900471861, 65.32493471820804], Rotation: [-2.2417274926511044, -0.8773284756398876, 0.32919287904670486], Velocity: [1.5061145239594607, 0.8162205336290538, -25.01738270099846]
Position: [1.3674455583878318, 0.7363258953834766, 65.07377989119806], Rotation: [-2.2681597426511044, -0.8670246056398876, 0.32919287904670486], Velocity: [1.4667608554264435, 0.7948048629479977, -25.088601297455465]
Position: [1.3821131669420963, 0.7442739440129565, 64.8219128782235], Rotation: [-2.2945919926511045, -0.8567207356398876, 0.32919287904670486], Velocity: [1.4274071868934264, 0.7733891922669416, -25.15981989391247]
Position: [1.3963872388110306, 0.7520078359356259, 64.56933367928437], Rotation: [-2.3210242426511045, -0.8464168656398876, 0.32919287904670486], Velocity: [1.3880535183604092, 0.7519735215858855, -25.231038490369475]
Position: [1.4102677739946345, 0.7595275711514847, 64.31604229438068], Rotation: [-2.3474564926511046, -0.8361129956398876, 0.32919287904670486], Velocity: [1.348699849827392, 0.7305578509048294, -25.30225708682648]
Position: [1.4237547724929085, 0.7668331496605331, 64.06203872351242], Rotation: [-2.3738887426511046, -0.8258091256398876, 0.32919287904670486], Velocity: [1.309346181294375, 0.7091421802237733, -25.373475683283484]
Position: [1.4368482343058522, 0.7739245714627708, 63.80732296667958], Rotation: [-2.4003209926511047, -0.8155052556398876, 0.32919287904670486], Velocity: [1.2699925127613578, 0.6877265095427172, -25.44469427974049]
Position: [1.4495481594334658, 0.780801836558198, 63.551895023882174], Rotation: [-2.4267532426511047, -0.8052013856398876, 0.32919287904670486], Velocity: [1.2306388442283407, 0.6663108388616611, -25.515912876197493]
Position: [1.4618545478757492, 0.7874649449468146, 63.2957548951202], Rotation: [-2.4531854926511047, -0.7948975156398876, 0.32919287904670486], Velocity: [1.1912851756953236, 0.644895168180605, -25.587131472654498]
Position: [1.4737673996327025, 0.7939138966286207, 63.03890258039365], Rotation: [-2.479617742651105, -0.7845936456398876, 0.32919287904670486], Velocity: [1.1519315071623064, 0.6234794974995489, -25.658350069111503]
Position: [1.4852867147043256, 0.8001486916036161, 62.781338079702536], Rotation: [-2.506049992651105, -0.7742897756398877, 0.32919287904670486], Velocity: [1.1125778386292893, 0.6020638268184928, -25.729568665568507]
Position: [1.4964124930906184, 0.806169329871801, 62.52306139304685], Rotation: [-2.532482242651105, -0.7639859056398877, 0.32919287904670486], Velocity: [1.0732241700962721, 0.5806481561374367, -25.800787262025512]
Position: [1.5071447347915812, 0.8119758114331754, 62.264072520426595], Rotation: [-2.558914492651105, -0.7536820356398877, 0.32919287904670486], Velocity: [1.033870501563255, 0.5592324854563806, -25.872005858482517]
Position: [1.5174834398072137, 0.8175681362877393, 62.00437146184177], Rotation: [-2.585346742651105, -0.7433781656398877, 0.32919287904670486], Velocity: [0.9945168330302379, 0.5378168147753245, -25.94322445493952]
Position: [1.5274286081375161, 0.8229463044354925, 61.74395821729237], Rotation: [-2.611778992651105, -0.7330742956398877, 0.32919287904670486], Velocity: [0.9551631644972207, 0.5164011440942684, -26.014443051396526]
Position: [1.5369802397824883, 0.8281103158764352, 61.48283278677841], Rotation: [-2.638211242651105, -0.7227704256398877, 0.32919287904670486], Velocity: [0.9158094959642036, 0.4949854734132123, -26.08566164785353]
Position: [1.5461383347421302, 0.8330601706105674, 61.22099517029987], Rotation: [-2.664643492651105, -0.7124665556398877, 0.32919287904670486], Velocity: [0.8764558274311864, 0.4735698027321562, -26.156880244310535]
Position: [1.5549028930164421, 0.8377958686378889, 60.95844536785677], Rotation: [-2.691075742651105, -0.7021626856398877, 0.32919287904670486], Velocity: [0.8371021588981693, 0.4521541320511001, -26.22809884076754]
Position: [1.5632739146054238, 0.8423174099583999, 60.69518337944909], Rotation: [-2.717507992651105, -0.6918588156398877, 0.32919287904670486], Velocity: [0.7977484903651522, 0.430738461370044, -26.299317437224545]
Position: [1.5712513995090753, 0.8466247945721003, 60.43120920507685], Rotation: [-2.7439402426511053, -0.6815549456398877, 0.32919287904670486], Velocity: [0.758394821832135, 0.4093227906889879, -26.37053603368155]
Position: [1.5788353477273966, 0.8507180224789902, 60.16652284474003], Rotation: [-2.7703724926511053, -0.6712510756398877, 0.32919287904670486], Velocity: [0.7190411532991179, 0.3879071200079318, -26.441754630138554]
Position: [1.586025759260388, 0.8545970936790696, 59.901124298438646], Rotation: [-2.7968047426511053, -0.6609472056398877, 0.32919287904670486], Velocity: [0.6796874847661007, 0.3664914493268757, -26.51297322659556]
Position: [1.592822634108049, 0.8582620081723383, 59.63501356617269], Rotation: [-2.8232369926511054, -0.6506433356398877, 0.32919287904670486], Velocity: [0.6403338162330836, 0.3450757786458196, -26.584191823052564]
Position: [1.5992259722703797, 0.8617127659587965, 59.368190647942164], Rotation: [-2.8496692426511054, -0.6403394656398878, 0.32919287904670486], Velocity: [0.6009801477000665, 0.3236601079647635, -26.65541041950957]
Position: [1.6052357737473804, 0.8649493670384442, 59.10065554374707], Rotation: [-2.8761014926511055, -0.6300355956398878, 0.32919287904670486], Velocity: [0.5616264791670493, 0.3022444372837074, -26.726629015966573]
Position: [1.6108520385390508, 0.8679718114112812, 58.8324082535874], Rotation: [-2.9025279926511054, -0.5991220656398878, 0.32919287904670486], Velocity: [0.5612900967381755, 0.30206113228084736, -26.832347745021504]
Position: [1.6164649395064326, 0.8709924227340897, 58.56310377613719], Rotation: [-2.9289544926511053, -0.5682085356398878, 0.32919287904670486], Velocity: [0.5609537143093017, 0.3018778272779873, -26.938066474076436]
Position: [1.6220744766495256, 0.8740112010068696, 58.29274211139643], Rotation: [-2.955380992651105, -0.5372950056398879, 0.32919287904670486], Velocity: [0.560617331880428, 0.3016945222751272, -27.043785203131367]
Position: [1.6276806499683298, 0.8770281462296209, 58.02132325936512], Rotation: [-2.981807492651105, -0.5063814756398879, 0.32919287904670486], Velocity: [0.5602809494515542, 0.30151121727226715, -27.1495039321863]
Position: [1.6332834594628454, 0.8800432584023435, 57.74884722004325], Rotation: [-3.008233992651105, -0.47546794563988787, 0.32919287904670486], Velocity: [0.5599445670226804, 0.3013279122694071, -27.25522266124123]
Position: [1.6388829051330722, 0.8830565375250377, 57.47531399343084], Rotation: [-3.034660492651105, -0.44455441563988785, 0.32919287904670486], Velocity: [0.5596081845938066, 0.301144607266547, -27.360941390296162]
Position: [1.6444789869790102, 0.8860679835977031, 57.200723579527875], Rotation: [-3.061086992651105, -0.4136408856398878, 0.32919287904670486], Velocity: [0.5592718021649328, 0.30096130226368695, -27.466660119351094]
Position: [1.6500717050006595, 0.88907759662034, 56.92507597833436], Rotation: [-3.0875134926511048, -0.3827273556398878, 0.32919287904670486], Velocity: [0.558935419736059, 0.3007779972608269, -27.572378848406025]
Position: [1.65566105919802, 0.8920853765929483, 56.6483711898503], Rotation: [-3.1139399926511047, -0.3518138256398878, 0.32919287904670486], Velocity: [0.5585990373071852, 0.3005946922579668, -27.678097577460957]
Position: [1.661247049571092, 0.895091323515528, 56.37060921407569], Rotation: [-3.1403664926511046, -0.32090029563988776, 0.32919287904670486], Velocity: [0.5582626548783114, 0.30041138725510674, -27.783816306515888]
Position: [1.666829676119875, 0.8980954373880791, 56.091790051010534], Rotation: [-3.1667929926511045, -0.28998676563988773, 0.32919287904670486], Velocity: [0.5579262724494376, 0.3002280822522467, -27.88953503557082]
Position: [1.6724089388443695, 0.9010977182106016, 55.81191370065483], Rotation: [-3.1932194926511044, -0.2590732356398877, 0.32919287904670486], Velocity: [0.5575898900205638, 0.3000447772493866, -27.99525376462575]
Position: [1.6779848377445752, 0.9040981659830954, 55.53098016300857], Rotation: [-3.2196459926511043, -0.22815970563988772, 0.32919287904670486], Velocity: [0.55725350759169, 0.29986147224652654, -28.100972493680683]
Position: [1.683557372820492, 0.9070967807055608, 55.24898943807177], Rotation: [-3.246072492651104, -0.19724617563988772, 0.32919287904670486], Velocity: [0.5569171251628162, 0.29967816724366647, -28.206691222735614]
Position: [1.6891265440721202, 0.9100935623779974, 54.965941525844414], Rotation: [-3.272498992651104, -0.16633264563988773, 0.32919287904670486], Velocity: [0.5565807427339424, 0.2994948622408064, -28.312409951790546]
Position: [1.6946923514994596, 0.9130885110004054, 54.681836426326505], Rotation: [-3.298925492651104, -0.13541911563988773, 0.32919287904670486], Velocity: [0.5562443603050686, 0.29931155723794634, -28.418128680845477]
Position: [1.7002547951025102, 0.9160816265727849, 54.39667413951805], Rotation: [-3.325351992651104, -0.10450558563988774, 0.32919287904670486], Velocity: [0.5559079778761948, 0.29912825223508627, -28.52384740990041]
Position: [1.7058138748812721, 0.9190729090951357, 54.11045466541904], Rotation: [-3.351778492651104, -0.07359205563988774, 0.32919287904670486], Velocity: [0.555571595447321, 0.2989449472322262, -28.62956613895534]
Position: [1.7113695908357454, 0.922062358567458, 53.82317800402949], Rotation: [-3.3782049926511037, -0.04267852563988775, 0.32919287904670486], Velocity: [0.5552352130184472, 0.29876164222936613, -28.73528486801027]
Position: [1.71692194296593, 0.9250499749897516, 53.53484415534938], Rotation: [-3.4046314926511037, -0.01176499563988775, 0.32919287904670486], Velocity: [0.5548988305895735, 0.29857833722650606, -28.841003597065203]
Position: [1.7224709312718256, 0.9280357583620167, 53.24545311937873], Rotation: [-3.4310579926511036, 0.019148534360112247, 0.32919287904670486], Velocity: [0.5545624481606997, 0.298395032223646, -28.946722326120135]
Position: [1.7280165557534326, 0.9310197086842531, 52.95500489611753], Rotation: [-3.4574844926511035, 0.05006206436011225, 0.32919287904670486], Velocity: [0.5542260657318259, 0.2982117272207859, -29.052441055175066]
Position: [1.733558816410751, 0.934001825956461, 52.66349948556578], Rotation: [-3.4839109926511034, 0.08097559436011224, 0.32919287904670486], Velocity: [0.5538896833029521, 0.29802842221792586, -29.158159784229998]
Position: [1.7390977132437804, 0.9369821101786402, 52.37093688772348], Rotation: [-3.5103374926511033, 0.11188912436011224, 0.32919287904670486], Velocity: [0.5535533008740783, 0.2978451172150658, -29.26387851328493]
Position: [1.7446332462525211, 0.9399605613507909, 52.077317102590634], Rotation: [-3.536763992651103, 0.14280265436011225, 0.32919287904670486], Velocity: [0.5532169184452045, 0.2976618122122057, -29.36959724233986]
Position: [1.7501654154369732, 0.9429371794729129, 51.78264013016724], Rotation: [-3.563190492651103, 0.17371618436011224, 0.32919287904670486], Velocity: [0.5528805360163307, 0.29747850720934566, -29.475315971394792]
Position: [1.7556942207971364, 0.9459119645450064, 51.48690597045329], Rotation: [-3.589616992651103, 0.20462971436011224, 0.32919287904670486], Velocity: [0.5525441535874569, 0.2972952022064856, -29.581034700449724]
Position: [1.761219662333011, 0.9488849165670712, 51.19011462344879], Rotation: [-3.616043492651103, 0.23554324436011223, 0.32919287904670486], Velocity: [0.5522077711585831, 0.2971118972036255, -29.686753429504655]
Position: [1.7667417400445968, 0.9518560355391075, 50.89226608915374], Rotation: [-3.642469992651103, 0.2664567743601122, 0.32919287904670486], Velocity: [0.5518713887297093, 0.29692859220076545, -29.792472158559587]
Position: [1.772260453931894, 0.9548253214611151, 50.593360367568145], Rotation: [-3.6688964926511027, 0.29737030436011225, 0.32919287904670486], Velocity: [0.5515350063008355, 0.2967452871979054, -29.89819088761452]
Position: [1.7777758039949023, 0.9577927743330942, 50.293397458692], Rotation: [-3.6953229926511026, 0.32828383436011227, 0.32919287904670486], Velocity: [0.5511986238719617, 0.2965619821950453, -30.00390961666945]
Position: [1.783287790233622, 0.9607583941550446, 49.9923773625253], Rotation: [-3.7217494926511026, 0.3591973643601123, 0.32919287904670486], Velocity: [0.5508622414430879, 0.29637867719218525, -30.10962834572438]
Position: [1.788796412648053, 0.9637221809269665, 49.69030007906806], Rotation: [-3.7481702426511028, 0.34788870436011227, 0.32919287904670486], Velocity: [0.5993982443183531, 0.3228636262702336, -30.181702693838528]
Position: [1.7947903950912365, 0.9669508171896688, 49.387502052129676], Rotation: [-3.774590992651103, 0.33658004436011224, 0.32919287904670486], Velocity: [0.6479342471936183, 0.3493485753482819, -30.253777041952674]
Position: [1.8012697375631728, 0.9704443029431516, 49.08398328171015], Rotation: [-3.801011742651103, 0.3252713843601122, 0.32919287904670486], Velocity: [0.6964702500688834, 0.3758335244263302, -30.32585139006682]
Position: [1.8082344400638617, 0.9742026381874149, 48.77974376780948], Rotation: [-3.8274324926511034, 0.3139627243601122, 0.32919287904670486], Velocity: [0.7450062529441486, 0.40231847350437855, -30.397925738180966]
Position: [1.8156845025933033, 0.9782258229224587, 48.47478351042767], Rotation: [-3.8538532426511036, 0.30265406436011216, 0.32919287904670486], Velocity: [0.7935422558194137, 0.4288034225824269, -30.470000086295112]
Position: [1.8236199251514975, 0.982513857148283, 48.169102509564716], Rotation: [-3.880273992651104, 0.29134540436011214, 0.32919287904670486], Velocity: [0.8420782586946789, 0.4552883716604752, -30.54207443440926]
Position: [1.8320407077384444, 0.9870667408648878, 47.86270076522062], Rotation: [-3.906694742651104, 0.2800367443601121, 0.32919287904670486], Velocity: [0.890614261569944, 0.4817733207385235, -30.614148782523404]
Position: [1.8409468503541437, 0.991884474072273, 47.55557827739539], Rotation: [-3.9331154926511043, 0.2687280843601121, 0.32919287904670486], Velocity: [0.9391502644452092, 0.5082582698165719, -30.68622313063755]
Position: [1.8503383529985957, 0.9969670567704387, 47.24773504608901], Rotation: [-3.9595362426511045, 0.25741942436011206, 0.32919287904670486], Velocity: [0.9876862673204744, 0.5347432188946202, -30.758297478751697]
Position: [1.8602152156718004, 1.002314488959385, 46.939171071301494], Rotation: [-3.9859569926511047, 0.24611076436011206, 0.32919287904670486], Velocity: [1.0362222701957395, 0.5612281679726685, -30.830371826865843]
Position: [1.8705774383737577, 1.0079267706391115, 46.62988635303284], Rotation: [-4.012377742651105, 0.23480210436011206, 0.32919287904670486], Velocity: [1.0847582730710046, 0.5877131170507168, -30.90244617497999]
Position: [1.8814250211044676, 1.0138039018096188, 46.319880891283034], Rotation: [-4.038798492651105, 0.22349344436011206, 0.32919287904670486], Velocity: [1.1332942759462696, 0.6141980661287652, -30.974520523094135]
Position: [1.8927579638639302, 1.0199458824709065, 46.00915468605209], Rotation: [-4.0652192426511045, 0.21218478436011207, 0.32919287904670486], Velocity: [1.1818302788215347, 0.6406830152068135, -31.04659487120828]
Position: [1.9045762666521455, 1.0263527126229746, 45.69770773734001], Rotation: [-4.091639992651104, 0.20087612436011207, 0.32919287904670486], Velocity: [1.2303662816967997, 0.6671679642848618, -31.118669219322427]
Position: [1.9168799294691135, 1.033024392265823, 45.38554004514678], Rotation: [-4.118060742651104, 0.18956746436011207, 0.32919287904670486], Velocity: [1.2789022845720648, 0.6936529133629101, -31.190743567436574]
Position: [1.929668952314834, 1.0399609213994523, 45.072651609472416], Rotation: [-4.144481492651104, 0.17825880436011207, 0.32919287904670486], Velocity: [1.3274382874473298, 0.7201378624409585, -31.26281791555072]
Position: [1.9429433351893073, 1.047162300023862, 44.75904243031691], Rotation: [-4.1709022426511035, 0.16695014436011207, 0.32919287904670486], Velocity: [1.3759742903225949, 0.7466228115190068, -31.334892263664866]
Position: [1.9567030780925332, 1.054628528139052, 44.444712507680265], Rotation: [-4.197322992651103, 0.15564148436011208, 0.32919287904670486], Velocity: [1.42451029319786, 0.7731077605970551, -31.406966611779012]
Position: [1.9709481810245117, 1.0623596057450224, 44.12966184156247], Rotation: [-4.223743742651103, 0.14433282436011208, 0.32919287904670486], Velocity: [1.473046296073125, 0.7995927096751034, -31.479040959893158]
Position: [1.985678643985243, 1.0703555328417735, 43.81389043196354], Rotation: [-4.250164492651103, 0.13302416436011208, 0.32919287904670486], Velocity: [1.52158229894839, 0.8260776587531518, -31.551115308007304]
Position: [2.000894466974727, 1.078616309429305, 43.49739827888347], Rotation: [-4.276585242651103, 0.12171550436011208, 0.32919287904670486], Velocity: [1.570118301823655, 0.8525626078312001, -31.62318965612145]
Position: [2.0165956499929636, 1.087141935507617, 43.18018538232226], Rotation: [-4.303005992651102, 0.11040684436011208, 0.32919287904670486], Velocity: [1.6186543046989201, 0.8790475569092484, -31.695264004235597]
Position: [2.032782193039953, 1.0959324110767095, 42.8622517422799], Rotation: [-4.329426742651102, 0.09909818436011208, 0.32919287904670486], Velocity: [1.6671903075741852, 0.9055325059872967, -31.767338352349743]
Position: [2.049454096115695, 1.1049877361365825, 42.54359735875641], Rotation: [-4.355847492651102, 0.08778952436011209, 0.32919287904670486], Velocity: [1.7157263104494502, 0.9320174550653451, -31.83941270046389]
Position: [2.0666113592201896, 1.114307910687236, 42.22422223175177], Rotation: [-4.382268242651102, 0.07648086436011209, 0.32919287904670486], Velocity: [1.7642623133247153, 0.9585024041433934, -31.911487048578035]
Position: [2.0842539823534367, 1.12389293472867, 41.90412636126599], Rotation: [-4.4086889926511015, 0.06517220436011209, 0.32919287904670486], Velocity: [1.8127983161999803, 0.9849873532214417, -31.98356139669218]
Position: [2.1023819655154363, 1.1337428082608842, 41.58330974729907], Rotation: [-4.435109742651101, 0.05386354436011209, 0.32919287904670486], Velocity: [1.8613343190752454, 1.01147230229949, -32.055635744806324]
Position: [2.120995308706189, 1.1438575312838792, 41.261772389851004], Rotation: [-4.461530492651101, 0.042554884360112094, 0.32919287904670486], Velocity: [1.9098703219505104, 1.0379572513775384, -32.127710092920466]
Position: [2.1400940119256937, 1.1542371037976547, 40.9395142889218], Rotation: [-4.487951242651101, 0.031246224360112096, 0.32919287904670486], Velocity: [1.9584063248257755, 1.0644422004555867, -32.19978444103461]
Position: [2.1596780751739515, 1.1648815258022105, 40.616535444511456], Rotation: [-4.514371992651101, 0.019937564360112098, 0.32919287904670486], Velocity: [2.0069423277010405, 1.090927149533635, -32.27185878914875]
Position: [2.1797474984509617, 1.1757907972975468, 40.292835856619966], Rotation: [-4.5407927426511, 0.008628904360112098, 0.32919287904670486], Velocity: [2.055478330576306, 1.1174120986116833, -32.343933137262894]
Position: [2.200302281756725, 1.1869649182836637, 39.96841552524734], Rotation: [-4.5672058226511005, 0.017929904360112096, 0.32919287904670486], Velocity: [2.043878605121019, 1.1110708517022883, -32.43217604674432]
Position: [2.220741067807935, 1.1980756268006865, 39.64311276477989], Rotation: [-4.593618902651101, 0.027230904360112097, 0.32919287904670486], Velocity: [2.032278879665732, 1.1047296047928932, -32.52041895622574]
Position: [2.2410638566045926, 1.2091229228486153, 39.31692757521763], Rotation: [-4.620031982651101, 0.0365319043601121, 0.32919287904670486], Velocity: [2.020679154210445, 1.098388357883498, -32.60866186570716]
Position: [2.261270648146697, 1.2201068064274503, 38.989859956560565], Rotation: [-4.646445062651101, 0.0458329043601121, 0.32919287904670486], Velocity: [2.0090794287551583, 1.092047110974103, -32.696904775188585]
Position: [2.2813614424342483, 1.2310272775371913, 38.66190990880868], Rotation: [-4.672858142651101, 0.055133904360112104, 0.32919287904670486], Velocity: [1.9974797032998717, 1.085705864064708, -32.78514768467001]
Position: [2.301336239467247, 1.2418843361778384, 38.33307743196198], Rotation: [-4.6992712226511015, 0.06443490436011211, 0.32919287904670486], Velocity: [1.985879977844585, 1.0793646171553128, -32.87339059415143]
Position: [2.321195039245693, 1.2526779823493916, 38.00336252602047], Rotation: [-4.725684302651102, 0.07373590436011211, 0.32919287904670486], Velocity: [1.9742802523892984, 1.0730233702459178, -32.961633503632854]
Position: [2.340937841769586, 1.2634082160518507, 37.67276519098414], Rotation: [-4.752097382651102, 0.08303690436011212, 0.32919287904670486], Velocity: [1.9626805269340117, 1.0666821233365227, -33.049876413114276]
Position: [2.360564647038926, 1.2740750372852159, 37.34128542685299], Rotation: [-4.778510462651102, 0.09233790436011212, 0.32919287904670486], Velocity: [1.951080801478725, 1.0603408764271276, -33.1381193225957]
Position: [2.3800754550537135, 1.284678446049487, 37.00892323362704], Rotation: [-4.804923542651102, 0.10163890436011212, 0.32919287904670486], Velocity: [1.9394810760234384, 1.0539996295177325, -33.22636223207712]
Position: [2.3994702658139477, 1.2952184423446644, 36.67567861130627], Rotation: [-4.8313366226511025, 0.11093990436011213, 0.32919287904670486], Velocity: [1.9278813505681518, 1.0476583826083374, -33.314605141558545]
Position: [2.418749079319629, 1.3056950261707478, 36.34155155989068], Rotation: [-4.857749702651103, 0.12024090436011213, 0.32919287904670486], Velocity: [1.9162816251128652, 1.0413171356989424, -33.40284805103997]
Position: [2.4379118955707577, 1.3161081975277373, 36.00654207938028], Rotation: [-4.884162782651103, 0.12954190436011212, 0.32919287904670486], Velocity: [1.9046818996575785, 1.0349758887895473, -33.49109096052139]
Position: [2.4569587145673335, 1.326457956415633, 35.670650169775065], Rotation: [-4.910575862651103, 0.13884290436011212, 0.32919287904670486], Velocity: [1.8930821742022919, 1.0286346418801522, -33.57933387000281]
Position: [2.4758895363093565, 1.3367443028344344, 35.333875831075034], Rotation: [-4.936988942651103, 0.14814390436011213, 0.32919287904670486], Velocity: [1.8814824487470052, 1.022293394970757, -33.667576779484236]
Position: [2.4947043607968267, 1.3469672367841419, 34.99621906328019], Rotation: [-4.9634020226511035, 0.15744490436011213, 0.32919287904670486], Velocity: [1.8698827232917186, 1.015952148061362, -33.75581968896566]
Position: [2.513403188029744, 1.3571267582647555, 34.65767986639054], Rotation: [-4.989815102651104, 0.16674590436011213, 0.32919287904670486], Velocity: [1.858282997836432, 1.009610901151967, -33.84406259844708]
Position: [2.531986018008108, 1.3672228672762752, 34.31825824040607], Rotation: [-5.016228182651104, 0.17604690436011214, 0.32919287904670486], Velocity: [1.8466832723811453, 1.0032696542425719, -33.932305507928504]
Position: [2.5504528507319195, 1.377255563818701, 33.97795418532678], Rotation: [-5.042641262651104, 0.18534790436011214, 0.32919287904670486], Velocity: [1.8350835469258586, 0.9969284073331768, -34.02054841740993]
Position: [2.568803686201178, 1.3872248478920328, 33.63676770115268], Rotation: [-5.069054342651104, 0.19464890436011215, 0.32919287904670486], Velocity: [1.823483821470572, 0.9905871604237817, -34.10879132689135]
Position: [2.5870385244158838, 1.3971307194962705, 33.29469878788377], Rotation: [-5.0954674226511045, 0.20394990436011215, 0.32919287904670486], Velocity: [1.8118840960152853, 0.9842459135143866, -34.19703423637277]
Position: [2.6051573653760367, 1.4069731786314144, 32.95174744552004], Rotation: [-5.121880502651105, 0.21325090436011215, 0.32919287904670486], Velocity: [1.8002843705599987, 0.9779046666049915, -34.285277145854195]
Position: [2.623160209081637, 1.4167522252974643, 32.6079136740615], Rotation: [-5.148293582651105, 0.22255190436011216, 0.32919287904670486], Velocity: [1.788684645104712, 0.9715634196955965, -34.37352005533562]
Position: [2.641047055532684, 1.4264678594944202, 32.26319747350814], Rotation: [-5.174706662651105, 0.23185290436011216, 0.32919287904670486], Velocity: [1.7770849196494254, 0.9652221727862014, -34.46176296481704]
Position: [2.6588179047291782, 1.4361200812222823, 31.917598843859974], Rotation: [-5.201119742651105, 0.24115390436011216, 0.32919287904670486], Velocity: [1.7654851941941387, 0.9588809258768063, -34.55000587429846]
Position: [2.6764727566711195, 1.4457088904810504, 31.57111778511699], Rotation: [-5.2275328226511055, 0.25045490436011214, 0.32919287904670486], Velocity: [1.753885468738852, 0.9525396789674112, -34.638248783779886]
Position: [2.694011611358508, 1.4552342872707245, 31.22375429727919], Rotation: [-5.253945902651106, 0.25975590436011214, 0.32919287904670486], Velocity: [1.7422857432835654, 0.9461984320580161, -34.72649169326131]
Position: [2.7114344687913436, 1.4646962715913046, 30.875508380346577], Rotation: [-5.280358982651106, 0.26905690436011215, 0.32919287904670486], Velocity: [1.7306860178282788, 0.939857185148621, -34.81473460274273]
Position: [2.7287413289696265, 1.4740948434427907, 30.52638003431915], Rotation: [-5.306772062651106, 0.27835790436011215, 0.32919287904670486], Velocity: [1.7190862923729922, 0.933515938239226, -34.902977512224155]
Position: [2.7459321918933566, 1.483430002825183, 30.176369259196907], Rotation: [-5.333185142651106, 0.28765890436011216, 0.32919287904670486], Velocity: [1.7074865669177055, 0.9271746913298309, -34.99122042170558]
Position: [2.763007057562534, 1.4927017497384814, 29.825476054979852], Rotation: [-5.3595982226511065, 0.29695990436011216, 0.32919287904670486], Velocity: [1.6958868414624189, 0.9208334444204358, -35.079463331187]
Position: [2.779965925977158, 1.5019100841826858, 29.47370042166798], Rotation: [-5.386011302651107, 0.30626090436011216, 0.32919287904670486], Velocity: [1.6842871160071322, 0.9144921975110407, -35.16770624066842]
Position: [2.796808797137229, 1.511055006157796, 29.121042359261295], Rotation: [-5.412418632651106, 0.3361734843601122, 0.32919287904670486], Velocity: [1.6750942164037477, 0.9094598275007147, -35.33499259950954]
Position: [2.8135597393012666, 1.5201496044328033, 28.7667114332662], Rotation: [-5.438825962651106, 0.3660860643601122, 0.32919287904670486], Velocity: [1.6659013168003631, 0.9044274574903888, -35.50227895835066]
Position: [2.8302187524692703, 1.5291938790077073, 28.41070764368269], Rotation: [-5.465233292651106, 0.39599864436011223, 0.32919287904670486], Velocity: [1.6567084171969786, 0.8993950874800628, -35.669565317191775]
Position: [2.84678583664124, 1.538187829882508, 28.053030990510774], Rotation: [-5.491640622651105, 0.42591122436011225, 0.32919287904670486], Velocity: [1.647515517593594, 0.8943627174697368, -35.83685167603289]
Position: [2.863260991817176, 1.5471314570572055, 27.693681473750445], Rotation: [-5.518047952651105, 0.4558238043601123, 0.32919287904670486], Velocity: [1.6383226179902095, 0.8893303474594109, -36.00413803487401]
Position: [2.879644217997078, 1.5560247605317996, 27.332659093401706], Rotation: [-5.544455282651104, 0.4857363843601123, 0.32919287904670486], Velocity: [1.629129718386825, 0.8842979774490849, -36.17142439371513]
Position: [2.8959355151809465, 1.5648677403062905, 26.969963849464555], Rotation: [-5.570862612651104, 0.5156489643601123, 0.32919287904670486], Velocity: [1.6199368187834404, 0.8792656074387589, -36.338710752556246]
Position: [2.912134883368781, 1.5736603963806781, 26.60559574193899], Rotation: [-5.597269942651104, 0.5455615443601123, 0.32919287904670486], Velocity: [1.6107439191800559, 0.874233237428433, -36.50599711139736]
Position: [2.9282423225605814, 1.5824027287549625, 26.239554770825016], Rotation: [-5.623677272651103, 0.5754741243601122, 0.32919287904670486], Velocity: [1.6015510195766713, 0.869200867418107, -36.67328347023848]
Position: [2.9442578327563482, 1.5910947374291435, 25.87184093612263], Rotation: [-5.650084602651103, 0.6053867043601122, 0.32919287904670486], Velocity: [1.5923581199732868, 0.864168497407781, -36.8405698290796]
Position: [2.960181413956081, 1.5997364224032213, 25.502454237831834], Rotation: [-5.6764919326511025, 0.6352992843601122, 0.32919287904670486], Velocity: [1.5831652203699023, 0.859136127397455, -37.007856187920716]
Position: [2.97601306615978, 1.6083277836771959, 25.131394675952627], Rotation: [-5.702899262651102, 0.6652118643601121, 0.32919287904670486], Velocity: [1.5739723207665177, 0.8541037573871291, -37.17514254676183]
Position: [2.991752789367445, 1.6168688212510671, 24.75866225048501], Rotation: [-5.729306592651102, 0.6951244443601121, 0.32919287904670486], Velocity: [1.5647794211631332, 0.8490713873768031, -37.34242890560295]
Position: [3.0074005835790767, 1.625359535124835, 24.38425696142898], Rotation: [-5.755713922651101, 0.7250370243601121, 0.32919287904670486], Velocity: [1.5555865215597486, 0.8440390173664771, -37.50971526444407]
Position: [3.022956448794674, 1.6337999252984998, 24.008178808784542], Rotation: [-5.782121252651101, 0.754949604360112, 0.32919287904670486], Velocity: [1.546393621956364, 0.8390066473561512, -37.677001623285186]
Position: [3.0384203850142377, 1.6421899917720613, 23.63042779255169], Rotation: [-5.808528582651101, 0.784862184360112, 0.32919287904670486], Velocity: [1.5372007223529796, 0.8339742773458252, -37.8442879821263]
Position: [3.0537923922377677, 1.6505297345455194, 23.251003912730425], Rotation: [-5.8349359126511, 0.814774764360112, 0.32919287904670486], Velocity: [1.528007822749595, 0.8289419073354992, -38.01157434096742]
Position: [3.0690724704652634, 1.6588191536188743, 22.86990716932075], Rotation: [-5.8613432426511, 0.844687344360112, 0.32919287904670486], Velocity: [1.5188149231462105, 0.8239095373251732, -38.17886069980854]
Position: [3.0842606196967255, 1.667058248992126, 22.487137562322665], Rotation: [-5.8877505726510995, 0.8745999243601119, 0.32919287904670486], Velocity: [1.509622023542826, 0.8188771673148473, -38.346147058649656]
Position: [3.099356839932154, 1.6752470206652745, 22.10269509173617], Rotation: [-5.914157902651099, 0.9045125043601119, 0.32919287904670486], Velocity: [1.5004291239394414, 0.8138447973045213, -38.51343341749077]
Position: [3.1143611311715484, 1.6833854686383198, 21.716579757561263], Rotation: [-5.940565232651099, 0.9344250843601118, 0.32919287904670486], Velocity: [1.4912362243360568, 0.8088124272941953, -38.68071977633189]
Position: [3.129273493414909, 1.6914735929112619, 21.328791559797946], Rotation: [-5.966972562651098, 0.9643376643601118, 0.32919287904670486], Velocity: [1.4820433247326723, 0.8037800572838694, -38.84800613517301]
Position: [3.1440939266622356, 1.6995113934841006, 20.939330498446214], Rotation: [-5.993379892651098, 0.9942502443601118, 0.32919287904670486], Velocity: [1.4728504251292878, 0.7987476872735434, -39.015292494014126]
Position: [3.1588224309135287, 1.7074988703568361, 20.548196573506072], Rotation: [-6.019787222651098, 1.0241628243601117, 0.32919287904670486], Velocity: [1.4636575255259032, 0.7937153172632174, -39.182578852855244]
Position: [3.1734590061687875, 1.7154360235294683, 20.15538978497752], Rotation: [-6.046194552651097, 1.0540754043601117, 0.32919287904670486], Velocity: [1.4544646259225187, 0.7886829472528915, -39.34986521169636]
Position: [3.1880036524280126, 1.7233228530019973, 19.760910132860555], Rotation: [-6.072601882651097, 1.0839879843601117, 0.32919287904670486], Velocity: [1.4452717263191341, 0.7836505772425655, -39.51715157053748]
Position: [3.202456369691204, 1.731159358774423, 19.36475761715518], Rotation: [-6.099009212651096, 1.1139005643601116, 0.32919287904670486], Velocity: [1.4360788267157496, 0.7786182072322395, -39.684437929378596]
Position: [3.2168171579583618, 1.7389455408467454, 18.966932237861396], Rotation: [-6.125416542651096, 1.1438131443601116, 0.32919287904670486], Velocity: [1.426885927112365, 0.7735858372219135, -39.851724288219714]
Position: [3.2310860172294853, 1.7466813992189645, 18.5674339949792], Rotation: [-6.151823872651096, 1.1737257243601116, 0.32919287904670486], Velocity: [1.4176930275089805, 0.7685534672115876, -40.01901064706083]
Position: [3.245262947504575, 1.7543669338910803, 18.16626288850859], Rotation: [-6.178231202651095, 1.2036383043601115, 0.32919287904670486], Velocity: [1.408500127905596, 0.7635210972012616, -40.18629700590195]
Position: [3.259347948783631, 1.762002144863093, 17.76341891844957], Rotation: [-6.204638532651095, 1.2335508843601115, 0.32919287904670486], Velocity: [1.3993072283022114, 0.7584887271909356, -40.353583364743066]
Position: [3.273341021066653, 1.7695870321350022, 17.35890208480214], Rotation: [-6.2310458626510945, 1.2634634643601115, 0.32919287904670486], Velocity: [1.390114328698827, 0.7534563571806097, -40.520869723584184]
Position: [3.2872421643536414, 1.7771215957068083, 16.952712387566297], Rotation: [-6.2574474326510945, 1.2511519343601114, 0.32919287904670486], Velocity: [1.4110778515912645, 0.7649478911394871, -40.61052267662552]
Position: [3.301352942869554, 1.784771074618203, 16.54562616080004], Rotation: [-6.2838490026510945, 1.2388404043601113, 0.32919287904670486], Velocity: [1.4320413744837022, 0.7764394250983646, -40.70017562966686]
Position: [3.315673356614391, 1.7925354688691868, 16.137643404503372], Rotation: [-6.3102505726510945, 1.2265288743601113, 0.32919287904670486], Velocity: [1.4530048973761398, 0.7879309590572421, -40.789828582708196]
Position: [3.3302034055881524, 1.8004147784597593, 15.72876411867629], Rotation: [-6.336652142651094, 1.2142173443601112, 0.32919287904670486], Velocity: [1.4739684202685774, 0.7994224930161196, -40.879481535749534]
Position: [3.344943089790838, 1.8084090033899205, 15.318988303318795], Rotation: [-6.363053712651094, 1.2019058143601111, 0.32919287904670486], Velocity: [1.494931943161015, 0.810914026974997, -40.96913448879087]
Position: [3.3598924092224483, 1.8165181436596705, 14.908315958430887], Rotation: [-6.389455282651094, 1.189594284360111, 0.32919287904670486], Velocity: [1.5158954660534527, 0.8224055609338745, -41.05878744183221]
Position: [3.375051363882983, 1.8247421992690092, 14.496747084012565], Rotation: [-6.415856852651094, 1.177282754360111, 0.32919287904670486], Velocity: [1.5368589889458903, 0.833897094892752, -41.148440394873546]
Position: [3.390419953772442, 1.8330811702179366, 14.08428168006383], Rotation: [-6.442258422651094, 1.164971224360111, 0.32919287904670486], Velocity: [1.557822511838328, 0.8453886288516295, -41.238093347914884]
Position: [3.405998178890825, 1.841535056506453, 13.670919746584682], Rotation: [-6.468659992651094, 1.1526596943601108, 0.32919287904670486], Velocity: [1.5787860347307656, 0.8568801628105069, -41.32774630095622]
Position: [3.4217860392381327, 1.8501038581345581, 13.25666128357512], Rotation: [-6.495061562651094, 1.1403481643601108, 0.32919287904670486], Velocity: [1.5997495576232033, 0.8683716967693844, -41.41739925399756]
Position: [3.437783534814365, 1.858787575102252, 12.841506291035145], Rotation: [-6.521463132651094, 1.1280366343601107, 0.32919287904670486], Velocity: [1.620713080515641, 0.8798632307282619, -41.507052207038896]
Position: [3.4539906656195214, 1.8675862074095346, 12.425454768964757], Rotation: [-6.547864702651094, 1.1157251043601106, 0.32919287904670486], Velocity: [1.6416766034080785, 0.8913547646871394, -41.596705160080234]
Position: [3.470407431653602, 1.876499755056406, 12.008506717363954], Rotation: [-6.574266272651094, 1.1034135743601106, 0.32919287904670486], Velocity: [1.6626401263005162, 0.9028462986460168, -41.68635811312157]
Position: [3.487033832916607, 1.885528218042866, 11.590662136232737], Rotation: [-6.600667842651094, 1.0911020443601105, 0.32919287904670486], Velocity: [1.6836036491929538, 0.9143378326048943, -41.77601106616291]
Position: [3.5038698694085366, 1.894671596368915, 11.171921025571107], Rotation: [-6.627069412651094, 1.0787905143601104, 0.32919287904670486], Velocity: [1.7045671720853914, 0.9258293665637718, -41.865664019204246]
Position: [3.5209155411293906, 1.9039298900345527, 10.752283385379064], Rotation: [-6.653470982651094, 1.0664789843601103, 0.32919287904670486], Velocity: [1.725530694977829, 0.9373209005226493, -41.95531697224558]
Position: [3.538170848079169, 1.9133030990397792, 10.331749215656608], Rotation: [-6.679872552651094, 1.0541674543601103, 0.32919287904670486], Velocity: [1.7464942178702667, 0.9488124344815267, -42.04496992528692]
Position: [3.5556357902578717, 1.9227912233845945, 9.910318516403738], Rotation: [-6.706274122651094, 1.0418559243601102, 0.32919287904670486], Velocity: [1.7674577407627043, 0.9603039684404042, -42.13462287832826]
Position: [3.5733103676654987, 1.9323942630689985, 9.487991287620455], Rotation: [-6.732675692651094, 1.0295443943601101, 0.32919287904670486], Velocity: [1.788421263655142, 0.9717955023992817, -42.224275831369596]
Position: [3.59119458030205, 1.9421122180929913, 9.064767529306758], Rotation: [-6.759077262651094, 1.01723286436011, 0.32919287904670486], Velocity: [1.8093847865475796, 0.9832870363581592, -42.31392878441093]
Position: [3.609288428167526, 1.9519450884565728, 8.640647241462649], Rotation: [-6.785478832651094, 1.00492133436011, 0.32919287904670486], Velocity: [1.8303483094400173, 0.9947785703170366, -42.40358173745227]
Position: [3.627591911261926, 1.9618928741597432, 8.215630424088125], Rotation: [-6.811880402651094, 0.99260980436011, 0.32919287904670486], Velocity: [1.8513118323324549, 1.0062701042759141, -42.49323469049361]
Position: [3.6461050295852506, 1.9719555752025024, 7.789717077183189], Rotation: [-6.838281972651094, 0.9802982743601101, 0.32919287904670486], Velocity: [1.8722753552248925, 1.0177616382347916, -42.582887643534946]
Position: [3.6648277831374996, 1.9821331915848504, 7.3629072007478396], Rotation: [-6.864683542651094, 0.9679867443601101, 0.32919287904670486], Velocity: [1.8932388781173302, 1.029253172193669, -42.67254059657628]
Position: [3.683760171918673, 1.992425723306787, 6.935200794782077], Rotation: [-6.891085112651094, 0.9556752143601102, 0.32919287904670486], Velocity: [1.9142024010097678, 1.0407447061525466, -42.76219354961762]
Position: [3.7029021959287705, 2.0028331703683127, 6.5065978592859], Rotation: [-6.917486682651094, 0.9433636843601102, 0.32919287904670486], Velocity: [1.9351659239022054, 1.052236240111424, -42.85184650265896]
Position: [3.7222538551677924, 2.013355532769427, 6.077098394259311], Rotation: [-6.943888252651094, 0.9310521543601102, 0.32919287904670486], Velocity: [1.956129446794643, 1.0637277740703015, -42.941499455700296]
Position: [3.741815149635739, 2.02399281051013, 5.646702399702308], Rotation: [-6.970289822651094, 0.9187406243601103, 0.32919287904670486], Velocity: [1.9770929696870807, 1.075219308029179, -43.03115240874163]
Position: [3.7615860793326097, 2.0347450035904218, 5.215409875614892], Rotation: [-6.996691392651094, 0.9064290943601103, 0.32919287904670486], Velocity: [1.9980564925795183, 1.0867108419880565, -43.12080536178297]
Position: [3.781566644258405, 2.045612112010302, 4.7832208219970624], Rotation: [-7.023092962651094, 0.8941175643601104, 0.32919287904670486], Velocity: [2.019020015471956, 1.098202375946934, -43.21045831482431]
Position: [3.8017568444131244, 2.0565941357697715, 4.35013523884882], Rotation: [-7.049494532651094, 0.8818060343601104, 0.32919287904670486], Velocity: [2.0399835383643934, 1.1096939099058114, -43.300111267865645]
Position: [3.8221566797967683, 2.0676910748688297, 3.916153126170163], Rotation: [-7.075896102651094, 0.8694945043601104, 0.32919287904670486], Velocity: [2.060947061256831, 1.1211854438646889, -43.38976422090698]
Position: [3.8427661504093367, 2.0789029293074766, 3.4812744839610934], Rotation: [-7.102291922651094, 0.8777926343601105, 0.32919287904670486], Velocity: [2.009957156067224, 1.093196264471088, -43.43464784099677]
Position: [3.862865721970009, 2.0898348919521874, 3.0459470055511257], Rotation: [-7.128687742651095, 0.8860907643601105, 0.32919287904670486], Velocity: [1.9589672508776175, 1.065207085077487, -43.47953146108655]
Position: [3.882455394478785, 2.1004869628029623, 2.61017069094026], Rotation: [-7.155083562651095, 0.8943888943601105, 0.32919287904670486], Velocity: [1.907977345688011, 1.0372179056838862, -43.524415081176336]
Position: [3.901535167935665, 2.1108591418598013, 2.173945540128497], Rotation: [-7.181479382651095, 0.9026870243601105, 0.32919287904670486], Velocity: [1.8569874404984044, 1.0092287262902853, -43.56929870126612]
Position: [3.920105042340649, 2.1209514291227043, 1.7372715531158356], Rotation: [-7.2078752026510955, 0.9109851543601105, 0.32919287904670486], Velocity: [1.8059975353087978, 0.9812395468966842, -43.614182321355905]
Position: [3.9381650176937373, 2.1307638245916714, 1.3001487299022765], Rotation: [-7.234271022651096, 0.9192832843601105, 0.32919287904670486], Velocity: [1.7550076301191913, 0.9532503675030832, -43.65906594144569]
Position: [3.9557150939949293, 2.140296328266702, 0.8625770704878195], Rotation: [-7.260666842651096, 0.9275814143601105, 0.32919287904670486], Velocity: [1.7040177249295847, 0.9252611881094822, -43.703949561535474]
Position: [3.972755271244225, 2.1495489401477967, 0.42455657487246473], Rotation: [-7.287062662651096, 0.9358795443601106, 0.32919287904670486], Velocity: [1.6530278197399781, 0.8972720087158812, -43.74883318162526]
Position: [3.989285549441625, 2.1585216602349555, -0.013912756943787907], Rotation: [-7.313458482651097, 0.9441776743601106, 0.32919287904670486], Velocity: [1.6020379145503716, 0.8692828293222802, -43.79371680171504]
