Position: [0.0, 0.0, 99.999019], Rotation: [3.8234623275931128, 4.986255760690933, 3.9019789311405506], Velocity: [-0.00048009384109065677, -0.0004708169274654005, -0.10230986575227369]
Position: [-4.800938410906568e-06, -4.7081692746540045e-06, 99.99701490134248], Rotation: [3.799802827593113, 5.016087800690933, 3.9019789311405506], Velocity: [-0.0009601876821813135, -0.000941633854930801, -0.20461973150454738]
Position: [-1.4402815232719703e-05, -1.4124507823962014e-05, 99.99398770402743], Rotation: [3.776143327593113, 5.0459198406909325, 3.9019789311405506], Velocity: [-0.0014402815232719703, -0.0014124507823962014, -0.30692959725682106]
Position: [-2.8805630465439407e-05, -2.824901564792403e-05, 99.98993740805487], Rotation: [3.752483827593113, 5.075751880690932, 3.9019789311405506], Velocity: [-0.001920375364362627, -0.001883267709861602, -0.40923946300909475]
Position: [-4.8009384109065674e-05, -4.708169274654005e-05, 99.98486401342478], Rotation: [3.728824327593113, 5.105583920690932, 3.9019789311405506], Velocity: [-0.002400469205453284, -0.002354084637327002, -0.5115493287613684]
Position: [-7.201407616359852e-05, -7.062253911981008e-05, 99.97876752013717], Rotation: [3.705164827593113, 5.135415960690931, 3.9019789311405506], Velocity: [-0.0028805630465439406, -0.0028249015647924024, -0.613859194513642]
Position: [-0.00010081970662903793, -9.887155476773411e-05, 99.97164792819203], Rotation: [3.681505327593113, 5.165248000690931, 3.9019789311405506], Velocity: [-0.0033606568876345974, -0.0032957184922578027, -0.7161690602659156]
Position: [-0.0001344262755053839, -0.00013182873969031213, 99.96350523758937], Rotation: [3.657845827593113, 5.1950800406909305, 3.9019789311405506], Velocity: [-0.003840750728725254, -0.003766535419723203, -0.8184789260181893]
Position: [-0.00017283378279263643, -0.00016949409388754416, 99.9543394483292], Rotation: [3.634186327593113, 5.22491208069093, 3.9019789311405506], Velocity: [-0.0043208445698159105, -0.004237352347188603, -0.9207887917704629]
Position: [-0.00021604222849079554, -0.0002118676173594302, 99.94415056041149], Rotation: [3.6105268275931133, 5.25474412069093, 3.9019789311405506], Velocity: [-0.004800938410906567, -0.004708169274654003, -1.0230986575227365]
Position: [-0.0002640516125998612, -0.0002589493101059702, 99.93293857383625], Rotation: [3.5868673275931133, 5.284576160690929, 3.9019789311405506], Velocity: [-0.005281032251997223, -0.005178986202119404, -1.1254085232750102]
Position: [-0.00031686193511983344, -0.0003107391721271643, 99.92070348860351], Rotation: [3.5632078275931134, 5.314408200690929, 3.9019789311405506], Velocity: [-0.0057611260930878795, -0.005649803129584804, -1.2277183890272838]
Position: [-0.00037447319605071224, -0.00036723720342301234, 99.90744530471324], Rotation: [3.5395483275931134, 5.344240240690929, 3.9019789311405506], Velocity: [-0.006241219934178536, -0.006120620057050204, -1.3300282547795574]
Position: [-0.0004368853953924976, -0.0004284434039935144, 99.89316402216544], Rotation: [3.5158888275931135, 5.374072280690928, 3.9019789311405506], Velocity: [-0.006721313775269192, -0.0065914369845156045, -1.432338120531831]
Position: [-0.0005040985331451895, -0.0004943577738386704, 99.87785964096012], Rotation: [3.4922293275931136, 5.403904320690928, 3.9019789311405506], Velocity: [-0.0072014076163598485, -0.007062253911981005, -1.5346479862841047]
Position: [-0.0005761126093087879, -0.0005649803129584804, 99.86153216109729], Rotation: [3.4685698275931136, 5.4337363606909275, 3.9019789311405506], Velocity: [-0.007681501457450505, -0.007533070839446405, -1.6369578520363783]
Position: [-0.000652927623883293, -0.0006403110213529444, 99.84418158257692], Rotation: [3.4449103275931137, 5.463568400690927, 3.9019789311405506], Velocity: [-0.008161595298541161, -0.008003887766911806, -1.739267717788652]
Position: [-0.0007345435768687045, -0.0007203498990220625, 99.82580790539903], Rotation: [3.4212508275931137, 5.493400440690927, 3.9019789311405506], Velocity: [-0.008641689139631818, -0.008474704694377206, -1.8415775835409256]
Position: [-0.0008209604682650227, -0.0008050969459658346, 99.80641112956363], Rotation: [3.397598997593114, 5.481008370690927, 3.9019789311405506], Velocity: [0.030311842443830162, 0.029784778259045637, -1.9208786968050777]
Position: [-0.000517842043826721, -0.0005072491633753782, 99.78622134259558], Rotation: [3.373947167593114, 5.468616300690927, 3.9019789311405506], Velocity: [0.06926537402729215, 0.06804426121246848, -2.00017981006923]
Position: [0.0001748116964462005, 0.00017319344874930668, 99.76523854449489], Rotation: [3.350295337593114, 5.456224230690927, 3.9019789311405506], Velocity: [0.10821890561075412, 0.10630374416589133, -2.0794809233333824]
Position: [0.0012570007525537418, 0.00123623089040822, 99.74346273526156], Rotation: [3.326643507593114, 5.443832160690928, 3.9019789311405506], Velocity: [0.1471724371942161, 0.14456322711931419, -2.1587820365975348]
Position: [0.0027287251244959027, 0.002681863161601362, 99.72089391489558], Rotation: [3.302991677593114, 5.431440090690928, 3.9019789311405506], Velocity: [0.1861259687776781, 0.18282271007273704, -2.238083149861687]
Position: [0.004589984812272683, 0.004510090262328733, 99.69753208339696], Rotation: [3.279339847593114, 5.419048020690928, 3.9019789311405506], Velocity: [0.22507950036114008, 0.2210821930261599, -2.3173842631258394]
Position: [0.006840779815884084, 0.006720912192590332, 99.6733772407657], Rotation: [3.255688017593114, 5.406655950690928, 3.9019789311405506], Velocity: [0.26403303194460204, 0.25934167597958274, -2.396685376389992]
Position: [0.009481110135330106, 0.00931432895238616, 99.6484293870018], Rotation: [3.2320361875931143, 5.394263880690929, 3.9019789311405506], Velocity: [0.302986563528064, 0.2976011589330056, -2.475986489654144]
Position: [0.012510975770610746, 0.012290340541716216, 99.62268852210525], Rotation: [3.2083843575931144, 5.381871810690929, 3.9019789311405506], Velocity: [0.341940095111526, 0.33586064188642845, -2.5552876029182965]
Position: [0.015930376721726005, 0.0156489469605805, 99.59615464607607], Rotation: [3.1847325275931144, 5.369479740690929, 3.9019789311405506], Velocity: [0.380893626694988, 0.3741201248398513, -2.634588716182449]
Position: [0.019739312988675886, 0.019390148208979014, 99.56882775891425], Rotation: [3.1610806975931145, 5.357087670690929, 3.9019789311405506], Velocity: [0.41984715827845, 0.41237960779327415, -2.713889829446601]
Position: [0.023937784571460386, 0.023513944286911757, 99.54070786061979], Rotation: [3.1374288675931146, 5.34469560069093, 3.9019789311405506], Velocity: [0.45880068986191197, 0.450639090746697, -2.7931909427107535]
Position: [0.028525791470079505, 0.02802033519437873, 99.51179495119268], Rotation: [3.1137770375931146, 5.33230353069093, 3.9019789311405506], Velocity: [0.49775422144537396, 0.48889857370011985, -2.872492055974906]
Position: [0.033503333684533246, 0.03290932093137993, 99.48208903063293], Rotation: [3.0901252075931147, 5.31991146069093, 3.9019789311405506], Velocity: [0.5367077530288359, 0.5271580566535427, -2.951793169239058]
Position: [0.038870411214821605, 0.03818090149791536, 99.45159009894054], Rotation: [3.066473377593115, 5.30751939069093, 3.9019789311405506], Velocity: [0.5756612846122978, 0.5654175396069655, -3.0310942825032106]
Position: [0.044627024060944584, 0.04383507689398501, 99.4202981561155], Rotation: [3.042821547593115, 5.295127320690931, 3.9019789311405506], Velocity: [0.6146148161957597, 0.6036770225603884, -3.110395395767363]
Position: [0.05077317222290218, 0.0498718471195889, 99.38821320215783], Rotation: [3.019169717593115, 5.282735250690931, 3.9019789311405506], Velocity: [0.6535683477792217, 0.6419365055138112, -3.1896965090315152]
Position: [0.0573088557006944, 0.05629121217472701, 99.35533523706751], Rotation: [2.995517887593115, 5.270343180690931, 3.9019789311405506], Velocity: [0.6925218793626836, 0.6801959884672341, -3.2689976222956676]
Position: [0.06423407449432124, 0.06309317205939935, 99.32166426084456], Rotation: [2.971866057593115, 5.257951110690931, 3.9019789311405506], Velocity: [0.7314754109461455, 0.7184554714206569, -3.34829873555982]
Position: [0.0715488286037827, 0.07027772677360591, 99.28720027348896], Rotation: [2.948214227593115, 5.245559040690932, 3.9019789311405506], Velocity: [0.7704289425296075, 0.7567149543740798, -3.4275998488239723]
Position: [0.07925311802907878, 0.07784487631734671, 99.25194327500073], Rotation: [2.924562397593115, 5.233166970690932, 3.9019789311405506], Velocity: [0.8093824741130694, 0.7949744373275026, -3.5069009620881246]
Position: [0.08734694277020948, 0.08579462069062174, 99.21589326537985], Rotation: [2.9009105675931153, 5.220774900690932, 3.9019789311405506], Velocity: [0.8483360056965313, 0.8332339202809255, -3.586202075352277]
Position: [0.0958303028271748, 0.09412695989343099, 99.17905024462632], Rotation: [2.8772587375931153, 5.208382830690932, 3.9019789311405506], Velocity: [0.8872895372799933, 0.8714934032343483, -3.6655031886164293]
Position: [0.10470319819997473, 0.10284189392577447, 99.14141421274016], Rotation: [2.8536069075931154, 5.195990760690933, 3.9019789311405506], Velocity: [0.9262430688634552, 0.9097528861877712, -3.7448043018805817]
Position: [0.11396562888860928, 0.11193942278765219, 99.10298516972135], Rotation: [2.8299550775931155, 5.183598690690933, 3.9019789311405506], Velocity: [0.9651966004469171, 0.948012369141194, -3.824105415144734]
Position: [0.12361759489307846, 0.12141954647906412, 99.0637631155699], Rotation: [2.8063032475931156, 5.171206620690933, 3.9019789311405506], Velocity: [1.0041501320303792, 0.9862718520946169, -3.9034065284088864]
Position: [0.13365909621338223, 0.1312822650000103, 99.0237480502858], Rotation: [2.7826514175931156, 5.158814550690933, 3.9019789311405506], Velocity: [1.043103663613841, 1.0245313350480396, -3.9827076416730387]
Position: [0.14409013284952066, 0.1415275783504907, 98.98293997386908], Rotation: [2.7589995875931157, 5.1464224806909336, 3.9019789311405506], Velocity: [1.082057195197303, 1.0627908180014625, -4.062008754937191]
Position: [0.1549107048014937, 0.15215548653050534, 98.94133888631971], Rotation: [2.7353477575931158, 5.134030410690934, 3.9019789311405506], Velocity: [1.121010726780765, 1.1010503009548853, -4.1413098682013425]
Position: [0.16612081206930135, 0.16316598954005418, 98.8989447876377], Rotation: [2.711695927593116, 5.121638340690934, 3.9019789311405506], Velocity: [1.159964258364227, 1.1393097839083082, -4.220610981465494]
Position: [0.17772045465294362, 0.17455908737913725, 98.85575767782305], Rotation: [2.688044097593116, 5.109246270690934, 3.9019789311405506], Velocity: [1.1989177899476888, 1.177569266861731, -4.299912094729646]
Position: [0.18970963255242052, 0.18633478004775456, 98.81177755687575], Rotation: [2.664392267593116, 5.0968542006909345, 3.9019789311405506], Velocity: [1.2378713215311508, 1.2158287498151539, -4.379213207993798]
Position: [0.20208834576773202, 0.1984930675459061, 98.76700442479581], Rotation: [2.640746187593116, 5.1050737106909345, 3.9019789311405506], Velocity: [1.2310163785823574, 1.209088195415732, -4.468377730519655]
Position: [0.2143985095535556, 0.21058394950006343, 98.72133964749062], Rotation: [2.6171001075931164, 5.1132932206909345, 3.9019789311405506], Velocity: [1.224161435633564, 1.20234764101631, -4.557542253045511]
Position: [0.22664012390989124, 0.22260742591022653, 98.67478322496017], Rotation: [2.5934540275931166, 5.1215127306909345, 3.9019789311405506], Velocity: [1.2173064926847705, 1.1956070866168882, -4.646706775571368]
Position: [0.23881318883673894, 0.2345634967763954, 98.62733515720446], Rotation: [2.569807947593117, 5.1297322406909345, 3.9019789311405506], Velocity: [1.2104515497359771, 1.1888665322174663, -4.735871298097225]
Position: [0.2509177043340987, 0.24645216209857007, 98.57899544422348], Rotation: [2.546161867593117, 5.1379517506909345, 3.9019789311405506], Velocity: [1.2035966067871837, 1.1821259778180444, -4.825035820623081]
Position: [0.26295367040197054, 0.2582734218767505, 98.52976408601725], Rotation: [2.5225157875931172, 5.1461712606909344, 3.9019789311405506], Velocity: [1.1967416638383903, 1.1753854234186225, -4.914200343148938]
Position: [0.27492108704035445, 0.27002727611093674, 98.47964108258576], Rotation: [2.4988697075931174, 5.154390770690934, 3.9019789311405506], Velocity: [1.189886720889597, 1.1686448690192006, -5.003364865674794]
Position: [0.28681995424925044, 0.2817137248011288, 98.42862643392901], Rotation: [2.4752236275931176, 5.162610280690934, 3.9019789311405506], Velocity: [1.1830317779408035, 1.1619043146197787, -5.092529388200651]
Position: [0.29865027202865846, 0.29333276794732654, 98.376720140047], Rotation: [2.451577547593118, 5.170829790690934, 3.9019789311405506], Velocity: [1.17617683499201, 1.1551637602203568, -5.181693910726508]
Position: [0.31041204037857856, 0.3048844055495301, 98.32392220093973], Rotation: [2.427931467593118, 5.179049300690934, 3.9019789311405506], Velocity: [1.1693218920432167, 1.148423205820935, -5.270858433252364]
Position: [0.32210525929901074, 0.3163686376077395, 98.27023261660722], Rotation: [2.4042853875931183, 5.187268810690934, 3.9019789311405506], Velocity: [1.1624669490944233, 1.141682651421513, -5.360022955778221]
Position: [0.33372992878995494, 0.3277854641219546, 98.21565138704943], Rotation: [2.3806393075931185, 5.195488320690934, 3.9019789311405506], Velocity: [1.1556120061456299, 1.1349420970220911, -5.4491874783040775]
Position: [0.34528604885141123, 0.3391348850921755, 98.1601785122664], Rotation: [2.3569932275931187, 5.203707830690934, 3.9019789311405506], Velocity: [1.1487570631968365, 1.1282015426226693, -5.538352000829934]
Position: [0.3567736194833796, 0.3504169005184022, 98.1038139922581], Rotation: [2.333347147593119, 5.211927340690934, 3.9019789311405506], Velocity: [1.141902120248043, 1.1214609882232474, -5.627516523355791]
Position: [0.36819264068586005, 0.3616315104006347, 98.04655782702454], Rotation: [2.309701067593119, 5.220146850690934, 3.9019789311405506], Velocity: [1.1350471772992496, 1.1147204338238255, -5.716681045881647]
Position: [0.3795431124588525, 0.3727787147388729, 97.98841001656572], Rotation: [2.2860549875931193, 5.228366360690934, 3.9019789311405506], Velocity: [1.1281922343504562, 1.1079798794244036, -5.805845568407504]
Position: [0.3908250348023571, 0.38385851353311695, 97.92937056088165], Rotation: [2.2624089075931195, 5.236585870690934, 3.9019789311405506], Velocity: [1.1213372914016628, 1.1012393250249817, -5.8950100909333605]
Position: [0.4020384077163737, 0.3948709067833668, 97.86943945997231], Rotation: [2.2387628275931197, 5.244805380690934, 3.9019789311405506], Velocity: [1.1144823484528694, 1.0944987706255598, -5.984174613459217]
Position: [0.41318323120090245, 0.40581589448962235, 97.80861671383772], Rotation: [2.21511674759312, 5.253024890690934, 3.9019789311405506], Velocity: [1.107627405504076, 1.0877582162261379, -6.073339135985074]
Position: [0.4242595052559432, 0.4166934766518837, 97.74690232247787], Rotation: [2.19147066759312, 5.261244400690934, 3.9019789311405506], Velocity: [1.1007724625552826, 1.081017661826716, -6.16250365851093]
Position: [0.435267229881496, 0.4275036532701509, 97.68429628589276], Rotation: [2.1678245875931204, 5.269463910690934, 3.9019789311405506], Velocity: [1.0939175196064892, 1.074277107427294, -6.251668181036787]
Position: [0.44620640507756093, 0.43824642434442385, 97.6207986040824], Rotation: [2.1441785075931206, 5.277683420690934, 3.9019789311405506], Velocity: [1.0870625766576958, 1.0675365530278722, -6.3408327035626435]
Position: [0.45707703084413787, 0.44892178987470255, 97.55640927704677], Rotation: [2.1205324275931208, 5.285902930690934, 3.9019789311405506], Velocity: [1.0802076337089024, 1.0607959986284503, -6.4299972260885]
Position: [0.4678791071812269, 0.45952974986098705, 97.49112830478589], Rotation: [2.096886347593121, 5.294122440690934, 3.9019789311405506], Velocity: [1.073352690760109, 1.0540554442290284, -6.519161748614357]
Position: [0.478612634088828, 0.47007030430327734, 97.42495568729974], Rotation: [2.073240267593121, 5.302341950690934, 3.9019789311405506], Velocity: [1.0664977478113156, 1.0473148898296065, -6.608326271140213]
Position: [0.48927761156694116, 0.48054345320157343, 97.35789142458835], Rotation: [2.0495941875931214, 5.310561460690934, 3.9019789311405506], Velocity: [1.0596428048625222, 1.0405743354301846, -6.69749079366607]
Position: [0.49987403961556637, 0.49094919655587527, 97.28993551665168], Rotation: [2.0259481075931216, 5.318780970690934, 3.9019789311405506], Velocity: [1.0527878619137288, 1.0338337810307627, -6.7866553161919265]
Position: [0.5104019182347037, 0.5012875343661829, 97.22108796348977], Rotation: [2.002302027593122, 5.327000480690934, 3.9019789311405506], Velocity: [1.0459329189649353, 1.0270932266313408, -6.875819838717783]
Position: [0.520861247424353, 0.5115584666324963, 97.15134876510258], Rotation: [1.9786559475931218, 5.335219990690934, 3.9019789311405506], Velocity: [1.039077976016142, 1.020352672231919, -6.96498436124364]
Position: [0.5312520271845145, 0.5217619933548154, 97.08071792149015], Rotation: [1.9550098675931218, 5.343439500690934, 3.9019789311405506], Velocity: [1.0322230330673485, 1.013612117832497, -7.054148883769496]
Position: [0.541574257515188, 0.5318981145331404, 97.00919543265245], Rotation: [1.9313637875931218, 5.351659010690934, 3.9019789311405506], Velocity: [1.0253680901185551, 1.0068715634330752, -7.143313406295353]
Position: [0.5518279384163735, 0.5419668301674712, 96.9367812985895], Rotation: [1.9077177075931218, 5.359878520690934, 3.9019789311405506], Velocity: [1.0185131471697617, 1.0001310090336533, -7.2324779288212095]
Position: [0.5620130698880711, 0.5519681402578077, 96.86347551930129], Rotation: [1.8840773875931218, 5.388707690690934, 3.9019789311405506], Velocity: [1.0063712358595216, 0.9881779461864735, -7.394969414354327]
Position: [0.5720767822466664, 0.5618499197196725, 96.78854482515774], Rotation: [1.8604370675931219, 5.417536860690934, 3.9019789311405506], Velocity: [0.9942293245492816, 0.9762248833392937, -7.557460899887445]
Position: [0.5820190754921591, 0.5716121685530654, 96.71198921615887], Rotation: [1.836796747593122, 5.446366030690934, 3.9019789311405506], Velocity: [0.9820874132390416, 0.9642718204921139, -7.719952385420563]
Position: [0.5918399496245496, 0.5812548867579865, 96.63380869230467], Rotation: [1.813156427593122, 5.4751952006909335, 3.9019789311405506], Velocity: [0.9699455019288016, 0.9523187576449341, -7.882443870953681]
Position: [0.6015394046438376, 0.5907780743344359, 96.55400325359513], Rotation: [1.789516107593122, 5.504024370690933, 3.9019789311405506], Velocity: [0.9578035906185616, 0.9403656947977543, -8.044935356486798]
Position: [0.6111174405500233, 0.6001817312824134, 96.47257290003026], Rotation: [1.7658757875931221, 5.532853540690933, 3.9019789311405506], Velocity: [0.9456616793083216, 0.9284126319505746, -8.207426842019915]
Position: [0.6205740573431064, 0.6094658576019191, 96.38951763161006], Rotation: [1.7422354675931222, 5.561682710690933, 3.9019789311405506], Velocity: [0.9335197679980816, 0.9164595691033948, -8.369918327553032]
Position: [0.6299092550230873, 0.618630453292953, 96.30483744833454], Rotation: [1.7185951475931223, 5.590511880690933, 3.9019789311405506], Velocity: [0.9213778566878416, 0.904506506256215, -8.532409813086149]
Position: [0.6391230335899657, 0.6276755183555152, 96.21853235020367], Rotation: [1.6949548275931223, 5.619341050690933, 3.9019789311405506], Velocity: [0.9092359453776016, 0.8925534434090352, -8.694901298619266]
Position: [0.6482153930437418, 0.6366010527896055, 96.13060233721748], Rotation: [1.6713145075931224, 5.6481702206909326, 3.9019789311405506], Velocity: [0.8970940340673615, 0.8806003805618554, -8.857392784152383]
Position: [0.6571863333844153, 0.6454070565952241, 96.04104740937596], Rotation: [1.6476741875931225, 5.676999390690932, 3.9019789311405506], Velocity: [0.8849521227571215, 0.8686473177146756, -9.0198842696855]
Position: [0.6660358546119866, 0.6540935297723709, 95.9498675666791], Rotation: [1.6240338675931225, 5.705828560690932, 3.9019789311405506], Velocity: [0.8728102114468815, 0.8566942548674958, -9.182375755218617]
Position: [0.6747639567264554, 0.6626604723210459, 95.85706280912692], Rotation: [1.6003935475931226, 5.734657730690932, 3.9019789311405506], Velocity: [0.8606683001366415, 0.8447411920203161, -9.344867240751734]
Position: [0.6833706397278219, 0.671107884241249, 95.7626331367194], Rotation: [1.5767532275931226, 5.763486900690932, 3.9019789311405506], Velocity: [0.8485263888264015, 0.8327881291731363, -9.507358726284851]
Position: [0.6918559036160858, 0.6794357655329804, 95.66657854945656], Rotation: [1.5531129075931227, 5.792316070690932, 3.9019789311405506], Velocity: [0.8363844775161615, 0.8208350663259565, -9.669850211817968]
Position: [0.7002197483912475, 0.6876441161962399, 95.56889904733838], Rotation: [1.5294725875931228, 5.821145240690932, 3.9019789311405506], Velocity: [0.8242425662059215, 0.8088820034787767, -9.832341697351085]
Position: [0.7084621740533067, 0.6957329362310276, 95.46959463036487], Rotation: [1.5058322675931228, 5.8499744106909315, 3.9019789311405506], Velocity: [0.8121006548956815, 0.7969289406315969, -9.994833182884202]
Position: [0.7165831806022636, 0.7037022256373435, 95.36866529853603], Rotation: [1.482191947593123, 5.878803580690931, 3.9019789311405506], Velocity: [0.7999587435854415, 0.7849758777844171, -10.157324668417319]
Position: [0.7245827680381179, 0.7115519844151877, 95.26611105185185], Rotation: [1.458551627593123, 5.907632750690931, 3.9019789311405506], Velocity: [0.7878168322752015, 0.7730228149372373, -10.319816153950436]
Position: [0.73246093636087, 0.7192822125645602, 95.16193189031235], Rotation: [1.434911307593123, 5.936461920690931, 3.9019789311405506], Velocity: [0.7756749209649615, 0.7610697520900576, -10.482307639483553]
Position: [0.7402176855705196, 0.7268929100854608, 95.05612781391751], Rotation: [1.411270987593123, 5.965291090690931, 3.9019789311405506], Velocity: [0.7635330096547215, 0.7491166892428778, -10.64479912501667]
Position: [0.7478530156670669, 0.7343840769778895, 94.94869882266735], Rotation: [1.3876306675931231, 5.994120260690931, 3.9019789311405506], Velocity: [0.7513910983444815, 0.737163626395698, -10.807290610549787]
Position: [0.7553669266505116, 0.7417557132418465, 94.83964491656185], Rotation: [1.3639903475931232, 6.022949430690931, 3.9019789311405506], Velocity: [0.7392491870342415, 0.7252105635485182, -10.969782096082904]
Position: [0.762759418520854, 0.7490078188773317, 94.72896609560102], Rotation: [1.3403500275931233, 6.05177860069093, 3.9019789311405506], Velocity: [0.7271072757240015, 0.7132575007013384, -11.13227358161602]
Position: [0.7700304912780941, 0.7561403938843451, 94.61666235978487], Rotation: [1.3167097075931233, 6.08060777069093, 3.9019789311405506], Velocity: [0.7149653644137615, 0.7013044378541586, -11.294765067149138]
Position: [0.7771801449222318, 0.7631534382628866, 94.50273370911337], Rotation: [1.2930693875931234, 6.10943694069093, 3.9019789311405506], Velocity: [0.7028234531035215, 0.6893513750069789, -11.457256552682255]
Position: [0.7842083794532669, 0.7700469520129564, 94.38718014358655], Rotation: [1.2694290675931235, 6.13826611069093, 3.9019789311405506], Velocity: [0.6906815417932815, 0.6773983121597991, -11.619748038215372]
Position: [0.7911151948711997, 0.7768209351345543, 94.2700016632044], Rotation: [1.2457887475931235, 6.16709528069093, 3.9019789311405506], Velocity: [0.6785396304830414, 0.6654452493126193, -11.782239523748489]
Position: [0.7979005911760302, 0.7834753876276805, 94.15119826796692], Rotation: [1.2221484275931236, 6.19592445069093, 3.9019789311405506], Velocity: [0.6663977191728014, 0.6534921864654395, -11.944731009281606]
Position: [0.8045645683677582, 0.790010309492335, 94.0307699578741], Rotation: [1.1985081075931237, 6.2247536206909295, 3.9019789311405506], Velocity: [0.6542558078625614, 0.6415391236182597, -12.107222494814723]
Position: [0.8111071264463838, 0.7964257007285176, 93.90871673292595], Rotation: [1.1748677875931237, 6.253582790690929, 3.9019789311405506], Velocity: [0.6421138965523214, 0.6295860607710799, -12.26971398034784]
Position: [0.817528265411907, 0.8027215613362284, 93.78503859312248], Rotation: [1.1512351375931238, 6.24018977069093, 3.9019789311405506], Velocity: [0.6573549519608272, 0.6446131017409271, -12.362768788286141]
Position: [0.8241018149315154, 0.8091676923536377, 93.66042990523962], Rotation: [1.1276024875931239, 6.22679675069093, 3.9019789311405506], Velocity: [0.6725960073693329, 0.6596401427107743, -12.455823596224443]
Position: [0.8308277750052087, 0.8157640937807454, 93.53489066927737], Rotation: [1.103969837593124, 6.21340373069093, 3.9019789311405506], Velocity: [0.6878370627778386, 0.6746671836806215, -12.548878404162744]
Position: [0.8377061456329871, 0.8225107656175517, 93.40842088523574], Rotation: [1.080337187593124, 6.200010710690931, 3.9019789311405506], Velocity: [0.7030781181863444, 0.6896942246504687, -12.641933212101046]
Position: [0.8447369268148505, 0.8294077078640564, 93.28102055311473], Rotation: [1.056704537593124, 6.186617690690931, 3.9019789311405506], Velocity: [0.7183191735948501, 0.7047212656203159, -12.734988020039347]
Position: [0.851920118550799, 0.8364549205202595, 93.15268967291433], Rotation: [1.0330718875931242, 6.1732246706909315, 3.9019789311405506], Velocity: [0.7335602290033558, 0.7197483065901631, -12.828042827977649]
Position: [0.8592557208408326, 0.8436524035861611, 93.02342824463456], Rotation: [1.0094392375931243, 6.159831650690932, 3.9019789311405506], Velocity: [0.7488012844118616, 0.7347753475600103, -12.92109763591595]
Position: [0.8667437336849512, 0.8510001570617612, 92.8932362682754], Rotation: [0.9858065875931242, 6.146438630690932, 3.9019789311405506], Velocity: [0.7640423398203673, 0.7498023885298575, -13.014152443854252]
Position: [0.8743841570831549, 0.8584981809470598, 92.76211374383686], Rotation: [0.9621739375931242, 6.133045610690933, 3.9019789311405506], Velocity: [0.779283395228873, 0.7648294294997047, -13.107207251792554]
Position: [0.8821769910354436, 0.8661464752420568, 92.63006067131894], Rotation: [0.9385412875931242, 6.119652590690933, 3.9019789311405506], Velocity: [0.7945244506373788, 0.7798564704695519, -13.200262059730855]
Position: [0.8901222355418174, 0.8739450399467523, 92.49707705072163], Rotation: [0.9149086375931241, 6.106259570690933, 3.9019789311405506], Velocity: [0.8097655060458845, 0.7948835114393991, -13.293316867669157]
Position: [0.8982198906022762, 0.8818938750611464, 92.36316288204493], Rotation: [0.8912759875931241, 6.092866550690934, 3.9019789311405506], Velocity: [0.8250065614543902, 0.8099105524092463, -13.386371675607458]
Position: [0.9064699562168201, 0.8899929805852388, 92.22831816528885], Rotation: [0.8676433375931241, 6.079473530690934, 3.9019789311405506], Velocity: [0.840247616862896, 0.8249375933790934, -13.47942648354576]
Position: [0.9148724323854491, 0.8982423565190297, 92.0925429004534], Rotation: [0.844010687593124, 6.066080510690934, 3.9019789311405506], Velocity: [0.8554886722714017, 0.8399646343489406, -13.572481291484062]
Position: [0.9234273191081631, 0.9066420028625192, 91.95583708753855], Rotation: [0.820378037593124, 6.052687490690935, 3.9019789311405506], Velocity: [0.8707297276799074, 0.8549916753187878, -13.665536099422363]
Position: [0.9321346163849622, 0.915191919615707, 91.81820072654433], Rotation: [0.796745387593124, 6.039294470690935, 3.9019789311405506], Velocity: [0.8859707830884131, 0.870018716288635, -13.758590907360665]
Position: [0.9409943242158463, 0.9238921067785933, 91.67963381747073], Rotation: [0.7731127375931239, 6.025901450690935, 3.9019789311405506], Velocity: [0.9012118384969189, 0.8850457572584822, -13.851645715298966]
Position: [0.9500064426008155, 0.9327425643511782, 91.54013636031775], Rotation: [0.7494800875931239, 6.012508430690936, 3.9019789311405506], Velocity: [0.9164528939054246, 0.9000727982283294, -13.944700523237268]
Position: [0.9591709715398697, 0.9417432923334614, 91.39970835508538], Rotation: [0.7258474375931239, 5.999115410690936, 3.9019789311405506], Velocity: [0.9316939493139303, 0.9150998391981766, -14.03775533117557]
Position: [0.968487911033009, 0.9508942907254432, 91.25834980177362], Rotation: [0.7022147875931238, 5.9857223906909365, 3.9019789311405506], Velocity: [0.9469350047224361, 0.9301268801680238, -14.130810139113871]
Position: [0.9779572610802334, 0.9601955595271234, 91.11606070038248], Rotation: [0.6785821375931238, 5.972329370690937, 3.9019789311405506], Velocity: [0.9621760601309418, 0.945153921137871, -14.223864947052173]
Position: [0.9875790216815428, 0.9696470987385022, 90.97284105091195], Rotation: [0.6549494875931238, 5.958936350690937, 3.9019789311405506], Velocity: [0.9774171155394475, 0.9601809621077182, -14.316919754990474]
Position: [0.9973531928369372, 0.9792489083595793, 90.82869085336205], Rotation: [0.6313168375931237, 5.9455433306909375, 3.9019789311405506], Velocity: [0.9926581709479533, 0.9752080030775654, -14.409974562928776]
Position: [1.0072797745464168, 0.989000988390355, 90.68361010773276], Rotation: [0.6076841875931237, 5.932150310690938, 3.9019789311405506], Velocity: [1.007899226356459, 0.9902350440474126, -14.503029370867077]
Position: [1.0173587668099815, 0.9989033388308292, 90.5375988140241], Rotation: [0.5840515375931237, 5.918757290690938, 3.9019789311405506], Velocity: [1.0231402817649646, 1.0052620850172598, -14.596084178805379]
Position: [1.027590169627631, 1.0089559596810018, 90.39065697223604], Rotation: [0.5604188875931236, 5.905364270690939, 3.9019789311405506], Velocity: [1.0383813371734703, 1.020289125987107, -14.68913898674368]
Position: [1.0379739829993657, 1.0191588509408729, 90.24278458236861], Rotation: [0.5367862375931236, 5.891971250690939, 3.9019789311405506], Velocity: [1.0536223925819759, 1.0353161669569542, -14.782193794681982]
Position: [1.0485102069251855, 1.0295120126104425, 90.09398164442179], Rotation: [0.5131535875931236, 5.878578230690939, 3.9019789311405506], Velocity: [1.0688634479904815, 1.0503432079268014, -14.875248602620283]
Position: [1.0591988414050904, 1.0400154446897105, 89.94424815839558], Rotation: [0.4895209375931236, 5.86518521069094, 3.9019789311405506], Velocity: [1.0841045033989871, 1.0653702488966486, -14.968303410558585]
Position: [1.0700398864390803, 1.050669147178677, 89.79358412428999], Rotation: [0.4658882875931236, 5.85179219069094, 3.9019789311405506], Velocity: [1.0993455588074927, 1.0803972898664957, -15.061358218496887]
Position: [1.0810333420271552, 1.061473120077342, 89.64198954210502], Rotation: [0.44225563759312364, 5.83839917069094, 3.9019789311405506], Velocity: [1.1145866142159984, 1.095424330836343, -15.154413026435188]
Position: [1.0921792081693151, 1.0724273633857053, 89.48946441184067], Rotation: [0.41862298759312366, 5.825006150690941, 3.9019789311405506], Velocity: [1.129827669624504, 1.1104513718061901, -15.24746783437349]
Position: [1.1034774848655602, 1.0835318771037672, 89.33600873349694], Rotation: [0.39499608759312366, 5.832222790690941, 3.9019789311405506], Velocity: [1.0943433053113887, 1.0754250170020558, -15.288910175668462]
Position: [1.1144209179186741, 1.0942861272737878, 89.18213863174026], Rotation: [0.37136918759312365, 5.839439430690941, 3.9019789311405506], Velocity: [1.0588589409982734, 1.0403986621979215, -15.330352516963435]
Position: [1.1250095073286568, 1.104690113895767, 89.02785410657063], Rotation: [0.34774228759312364, 5.846656070690941, 3.9019789311405506], Velocity: [1.023374576685158, 1.0053723073937872, -15.371794858258408]
Position: [1.1352432530955083, 1.114743836969705, 88.87315515798805], Rotation: [0.32411538759312364, 5.853872710690942, 3.9019789311405506], Velocity: [0.9878902123720428, 0.9703459525896528, -15.41323719955338]
Position: [1.1451221552192288, 1.1244472964956014, 88.71804178599251], Rotation: [0.30048848759312363, 5.861089350690942, 3.9019789311405506], Velocity: [0.9524058480589275, 0.9353195977855184, -15.454679540848353]
Position: [1.1546462136998181, 1.1338004924734566, 88.56251399058402], Rotation: [0.2768615875931236, 5.868305990690942, 3.9019789311405506], Velocity: [0.9169214837458122, 0.900293242981384, -15.496121882143326]
Position: [1.1638154285372762, 1.1428034249032704, 88.40657177176259], Rotation: [0.2532346875931236, 5.875522630690942, 3.9019789311405506], Velocity: [0.8814371194326969, 0.8652668881772496, -15.537564223438299]
Position: [1.172629799731603, 1.1514560937850429, 88.2502151295282], Rotation: [0.2296077875931236, 5.8827392706909425, 3.9019789311405506], Velocity: [0.8459527551195816, 0.8302405333731152, -15.579006564733271]
Position: [1.181089327282799, 1.159758499118774, 88.09344406388087], Rotation: [0.2059808875931236, 5.889955910690943, 3.9019789311405506], Velocity: [0.8104683908064663, 0.7952141785689808, -15.620448906028244]
Position: [1.1891940111908637, 1.1677106409044637, 87.93625857482058], Rotation: [0.1823539875931236, 5.897172550690943, 3.9019789311405506], Velocity: [0.774984026493351, 0.7601878237648464, -15.661891247323217]
Position: [1.196943851455797, 1.1753125191421123, 87.77865866234735], Rotation: [0.1587270875931236, 5.904389190690943, 3.9019789311405506], Velocity: [0.7394996621802357, 0.725161468960712, -15.70333358861819]
Position: [1.2043388480775994, 1.1825641338317194, 87.62064432646117], Rotation: [0.1351001875931236, 5.911605830690943, 3.9019789311405506], Velocity: [0.7040152978671204, 0.6901351141565776, -15.744775929913162]
Position: [1.2113790010562706, 1.1894654849732853, 87.46221556716205], Rotation: [0.11147328759312358, 5.918822470690944, 3.9019789311405506], Velocity: [0.6685309335540051, 0.6551087593524432, -15.786218271208135]
Position: [1.2180643103918107, 1.1960165725668097, 87.30337238444997], Rotation: [0.08784638759312358, 5.926039110690944, 3.9019789311405506], Velocity: [0.6330465692408898, 0.6200824045483088, -15.827660612503108]
Position: [1.2243947760842195, 1.2022173966122929, 87.14411477832495], Rotation: [0.06421948759312357, 5.933255750690944, 3.9019789311405506], Velocity: [0.5975622049277745, 0.5850560497441744, -15.86910295379808]
Position: [1.2303703981334972, 1.2080679571097346, 86.98444274878696], Rotation: [0.040592587593123564, 5.940472390690944, 3.9019789311405506], Velocity: [0.5620778406146592, 0.55002969494004, -15.910545295093053]
Position: [1.2359911765396439, 1.213568254059135, 86.82435629583603], Rotation: [0.01696568759312356, 5.9476890306909445, 3.9019789311405506], Velocity: [0.5265934763015439, 0.5150033401359055, -15.951987636388026]
Position: [1.2412571113026594, 1.218718287460494, 86.66385541947214], Rotation: [-0.006661212406876442, 5.954905670690945, 3.9019789311405506], Velocity: [0.4911091119884285, 0.4799769853317712, -15.993429977682998]
Position: [1.2461682024225436, 1.2235180573138118, 86.50294011969531], Rotation: [-0.030288112406876445, 5.962122310690945, 3.9019789311405506], Velocity: [0.45562474767531314, 0.44495063052763684, -16.03487231897797]
Position: [1.2507244498992967, 1.227967563619088, 86.34161039650553], Rotation: [-0.05391501240687645, 5.969338950690945, 3.9019789311405506], Velocity: [0.4201403833621978, 0.4099242757235025, -16.076314660272942]
Position: [1.2549258537329187, 1.2320668063763232, 86.1798662499028], Rotation: [-0.07754191240687645, 5.976555590690945, 3.9019789311405506], Velocity: [0.3846560190490824, 0.37489792091936813, -16.117757001567913]
Position: [1.2587724139234095, 1.2358157855855167, 86.01770767988712], Rotation: [-0.10116881240687646, 5.9837722306909455, 3.9019789311405506], Velocity: [0.34917165473596706, 0.3398715661152338, -16.159199342862884]
Position: [1.2622641304707691, 1.239214501246669, 85.8551346864585], Rotation: [-0.12479571240687647, 5.990988870690946, 3.9019789311405506], Velocity: [0.3136872904228517, 0.30484521131109943, -16.200641684157855]
Position: [1.2654010033749976, 1.24226295335978, 85.69214726961692], Rotation: [-0.14842261240687646, 5.998205510690946, 3.9019789311405506], Velocity: [0.27820292610973635, 0.2698188565069651, -16.242084025452826]
Position: [1.268183032636095, 1.2449611419248496, 85.5287454293624], Rotation: [-0.17204951240687646, 6.005422150690946, 3.9019789311405506], Velocity: [0.242718561796621, 0.2347925017028307, -16.283526366747797]
Position: [1.2706102182540613, 1.247309066941878, 85.36492916569492], Rotation: [-0.19567641240687647, 6.012638790690946, 3.9019789311405506], Velocity: [0.20723419748350563, 0.19976614689869632, -16.324968708042768]
Position: [1.2726825602288963, 1.249306728410865, 85.20069847861448], Rotation: [-0.21930331240687648, 6.019855430690947, 3.9019789311405506], Velocity: [0.17174983317039028, 0.16473979209456194, -16.36641104933774]
Position: [1.2744000585606001, 1.2509541263318107, 85.0360533681211], Rotation: [-0.24293021240687648, 6.027072070690947, 3.9019789311405506], Velocity: [0.13626546885727492, 0.12971343729042756, -16.40785339063271]
Position: [1.275762713249173, 1.252251260704715, 84.87099383421477], Rotation: [-0.26655711240687646, 6.034288710690947, 3.9019789311405506], Velocity: [0.10078110454415956, 0.09468708248629318, -16.44929573192768]
Position: [1.2767705242946146, 1.253198131529578, 84.7055198768955], Rotation: [-0.29018401240687647, 6.041505350690947, 3.9019789311405506], Velocity: [0.0652967402310442, 0.059660727682158805, -16.49073807322265]
Position: [1.277423491696925, 1.2537947388063995, 84.53963149616327], Rotation: [-0.3138109124068765, 6.0487219906909475, 3.9019789311405506], Velocity: [0.029812375917928846, 0.024634372878024433, -16.532180414517622]
Position: [1.2777216154561042, 1.2540410825351798, 84.37332869201809], Rotation: [-0.3374378124068765, 6.055938630690948, 3.9019789311405506], Velocity: [-0.005671988395186511, -0.01039198192610994, -16.573622755812593]
Position: [1.2776648955721523, 1.2539371627159186, 84.20661146445997], Rotation: [-0.36105896240687646, 6.083764930690948, 3.9019789311405506], Velocity: [-0.013381079417946622, -0.018010325660755642, -16.700608081724944]
Position: [1.2775310847779728, 1.253757059459311, 84.03862438364271], Rotation: [-0.38468011240687644, 6.111591230690948, 3.9019789311405506], Velocity: [-0.021090170440706733, -0.025628669395401343, -16.827593407637295]
Position: [1.2773201830735659, 1.253500772765357, 83.86936744956634], Rotation: [-0.4083012624068764, 6.139417530690948, 3.9019789311405506], Velocity: [-0.028799261463466844, -0.03324701313004704, -16.954578733549646]
Position: [1.2770321904589312, 1.2531683026340565, 83.69884066223085], Rotation: [-0.4319224124068764, 6.167243830690948, 3.9019789311405506], Velocity: [-0.036508352486226955, -0.04086535686469274, -17.081564059461996]
Position: [1.276667106934069, 1.2527596490654096, 83.52704402163623], Rotation: [-0.4555435624068764, 6.195070130690948, 3.9019789311405506], Velocity: [-0.04421744350898707, -0.04848370059933844, -17.208549385374347]
Position: [1.276224932498979, 1.2522748120594163, 83.35397752778249], Rotation: [-0.47916471240687636, 6.222896430690948, 3.9019789311405506], Velocity: [-0.051926534531747184, -0.056102044333984136, -17.335534711286698]
Position: [1.2757056671536615, 1.2517137916160763, 83.17964118066962], Rotation: [-0.5027858624068764, 6.250722730690948, 3.9019789311405506], Velocity: [-0.0596356255545073, -0.06372038806862984, -17.46252003719905]
Position: [1.2751093108981164, 1.25107658773539, 83.00403498029763], Rotation: [-0.5264070124068764, 6.278549030690948, 3.9019789311405506], Velocity: [-0.06734471657726741, -0.07133873180327555, -17.5895053631114]
Position: [1.2744358637323436, 1.2503632004173573, 82.82715892666651], Rotation: [-0.5500281624068764, 6.3063753306909485, 3.9019789311405506], Velocity: [-0.07505380760002753, -0.07895707553792125, -17.71649068902375]
Position: [1.2736853256563434, 1.2495736296619782, 82.64901301977628], Rotation: [-0.5736493124068763, 6.3342016306909485, 3.9019789311405506], Velocity: [-0.08276289862278764, -0.08657541927256696, -17.8434760149361]
Position: [1.2728576966701155, 1.2487078754692524, 82.46959725962691], Rotation: [-0.5972704624068763, 6.362027930690949, 3.9019789311405506], Velocity: [-0.09047198964554776, -0.09419376300721266, -17.970461340848452]
Position: [1.27195297677366, 1.2477659378391803, 82.28891164621842], Rotation: [-0.6208916124068763, 6.389854230690949, 3.9019789311405506], Velocity: [-0.09818108066830787, -0.10181210674185837, -18.097446666760803]
Position: [1.270971165966977, 1.2467478167717618, 82.10695617955082], Rotation: [-0.6445127624068763, 6.417680530690949, 3.9019789311405506], Velocity: [-0.10589017169106799, -0.10943045047650407, -18.224431992673154]
Position: [1.2699122642500662, 1.2456535122669967, 81.92373085962409], Rotation: [-0.6681339124068763, 6.445506830690949, 3.9019789311405506], Velocity: [-0.1135992627138281, -0.11704879421114978, -18.351417318585504]
Position: [1.2687762716229278, 1.2444830243248852, 81.73923568643824], Rotation: [-0.6917550624068762, 6.473333130690949, 3.9019789311405506], Velocity: [-0.12130835373658821, -0.12466713794579548, -18.478402644497855]
Position: [1.267563188085562, 1.2432363529454273, 81.55347065999325], Rotation: [-0.7153762124068762, 6.501159430690949, 3.9019789311405506], Velocity: [-0.12901744475934832, -0.13228548168044119, -18.605387970410206]
Position: [1.2662730136379685, 1.2419134981286228, 81.36643578028915], Rotation: [-0.7389973624068762, 6.528985730690949, 3.9019789311405506], Velocity: [-0.13672653578210842, -0.1399038254150869, -18.732373296322557]
Position: [1.2649057482801473, 1.240514459874472, 81.17813104732592], Rotation: [-0.7626185124068762, 6.556812030690949, 3.9019789311405506], Velocity: [-0.14443562680486852, -0.1475221691497326, -18.859358622234907]
Position: [1.2634613920120987, 1.2390392381829747, 80.98855646110357], Rotation: [-0.7862396624068761, 6.584638330690949, 3.9019789311405506], Velocity: [-0.15214471782762862, -0.1551405128843783, -18.98634394814726]
Position: [1.2619399448338224, 1.2374878330541308, 80.7977120216221], Rotation: [-0.8098608124068761, 6.612464630690949, 3.9019789311405506], Velocity: [-0.15985380885038872, -0.162758856619024, -19.11332927405961]
Position: [1.2603414067453185, 1.2358602444879405, 80.6055977288815], Rotation: [-0.8334819624068761, 6.6402909306909494, 3.9019789311405506], Velocity: [-0.16756289987314882, -0.1703772003536697, -19.24031459997196]
Position: [1.258665777746587, 1.2341564724844039, 80.41221358288179], Rotation: [-0.8571031124068761, 6.6681172306909495, 3.9019789311405506], Velocity: [-0.17527199089590892, -0.17799554408831542, -19.36729992588431]
Position: [1.256913057837628, 1.2323765170435208, 80.21755958362294], Rotation: [-0.8807242624068761, 6.69594353069095, 3.9019789311405506], Velocity: [-0.18298108191866902, -0.18561388782296112, -19.49428525179666]
Position: [1.2550832470184412, 1.2305203781652911, 80.02163573110498], Rotation: [-0.904345412406876, 6.72376983069095, 3.9019789311405506], Velocity: [-0.19069017294142912, -0.19323223155760683, -19.621270577709012]
Position: [1.253176345289027, 1.228588055849715, 79.82444202532788], Rotation: [-0.927966562406876, 6.75159613069095, 3.9019789311405506], Velocity: [-0.19839926396418922, -0.20085057529225253, -19.748255903621363]
Position: [1.251192352649385, 1.2265795500967926, 79.62597846629167], Rotation: [-0.951587712406876, 6.77942243069095, 3.9019789311405506], Velocity: [-0.20610835498694932, -0.20846891902689824, -19.875241229533714]
Position: [1.2491312690995156, 1.2244948609065236, 79.42624505399634], Rotation: [-0.975208862406876, 6.80724873069095, 3.9019789311405506], Velocity: [-0.21381744600970942, -0.21608726276154394, -20.002226555446065]
Position: [1.2469930946394185, 1.2223339882789082, 79.22524178844188], Rotation: [-0.998830012406876, 6.83507503069095, 3.9019789311405506], Velocity: [-0.22152653703246952, -0.22370560649618965, -20.129211881358415]
Position: [1.2447778292690939, 1.2200969322139463, 79.0229686696283], Rotation: [-1.022451162406876, 6.86290133069095, 3.9019789311405506], Velocity: [-0.22923562805522962, -0.23132395023083535, -20.256197207270766]
Position: [1.2424854729885415, 1.2177836927116379, 78.81942569755559], Rotation: [-1.046072312406876, 6.89072763069095, 3.9019789311405506], Velocity: [-0.23694471907798972, -0.23894229396548106, -20.383182533183117]
Position: [1.2401160257977617, 1.215394269771983, 78.61461287222376], Rotation: [-1.0696934624068761, 6.91855393069095, 3.9019789311405506], Velocity: [-0.24465381010074982, -0.24656063770012676, -20.510167859095468]
Position: [1.2376694876967542, 1.2129286633949818, 78.4085301936328], Rotation: [-1.093308862406876, 6.90415804069095, 3.9019789311405506], Velocity: [-0.1852178985449378, -0.18775678398945345, -20.597234313556037]
Position: [1.235817308711305, 1.2110510955550873, 78.20157685049723], Rotation: [-1.116924262406876, 6.88976215069095, 3.9019789311405506], Velocity: [-0.1257819869891258, -0.12895293027878013, -20.684300768016605]
Position: [1.2345594888414138, 1.2097615662522996, 77.99375284281707], Rotation: [-1.140539662406876, 6.875366260690949, 3.9019789311405506], Velocity: [-0.06634607543331378, -0.07014907656810682, -20.771367222477174]
Position: [1.2338960280870805, 1.2090600754866185, 77.78505817059231], Rotation: [-1.164155062406876, 6.860970370690949, 3.9019789311405506], Velocity: [-0.006910163877501763, -0.011345222857433501, -20.858433676937743]
Position: [1.2338269264483055, 1.2089466232580441, 77.57549283382293], Rotation: [-1.187770462406876, 6.846574480690949, 3.9019789311405506], Velocity: [0.05252574767831025, 0.047458630853239814, -20.945500131398312]
Position: [1.2343521839250886, 1.2094212095665766, 77.36505683250896], Rotation: [-1.2113858624068758, 6.8321785906909485, 3.9019789311405506], Velocity: [0.11196165923412227, 0.10626248456391313, -21.03256658585888]
Position: [1.2354718005174299, 1.2104838344122157, 77.15375016665037], Rotation: [-1.2350012624068758, 6.817782700690948, 3.9019789311405506], Velocity: [0.17139757078993428, 0.16506633827458644, -21.11963304031945]
Position: [1.2371857762253293, 1.2121344977949615, 76.94157283624718], Rotation: [-1.2586166624068758, 6.803386810690948, 3.9019789311405506], Velocity: [0.2308334823457463, 0.22387019198525976, -21.20669949478002]
Position: [1.2394941110487867, 1.2143731997148142, 76.72852484129938], Rotation: [-1.2822320624068757, 6.788990920690948, 3.9019789311405506], Velocity: [0.2902693939015583, 0.2826740456959331, -21.293765949240587]
Position: [1.2423968049878023, 1.2171999401717735, 76.51460618180697], Rotation: [-1.3058474624068757, 6.774595030690947, 3.9019789311405506], Velocity: [0.34970530545737033, 0.3414778994066064, -21.380832403701156]
Position: [1.245893858042376, 1.2206147191658396, 76.29981685776995], Rotation: [-1.3294628624068756, 6.760199140690947, 3.9019789311405506], Velocity: [0.40914121701318235, 0.4002817531172797, -21.467898858161725]
Position: [1.2499852702125078, 1.2246175366970125, 76.08415686918833], Rotation: [-1.3530782624068756, 6.745803250690947, 3.9019789311405506], Velocity: [0.46857712856899436, 0.459085606827953, -21.554965312622294]
Position: [1.2546710414981979, 1.229208392765292, 75.8676262160621], Rotation: [-1.3766936624068755, 6.731407360690946, 3.9019789311405506], Velocity: [0.5280130401248064, 0.5178894605386264, -21.642031767082862]
Position: [1.2599511718994458, 1.2343872873706783, 75.65022489839127], Rotation: [-1.4003090624068755, 6.717011470690946, 3.9019789311405506], Velocity: [0.5874489516806185, 0.5766933142492997, -21.72909822154343]
Position: [1.265825661416252, 1.2401542205131713, 75.43195291617583], Rotation: [-1.4239244624068754, 6.702615580690946, 3.9019789311405506], Velocity: [0.6468848632364306, 0.635497167959973, -21.816164676004]
Position: [1.2722945100486163, 1.246509192192771, 75.2128102694158], Rotation: [-1.4475398624068754, 6.6882196906909455, 3.9019789311405506], Velocity: [0.7063207747922426, 0.6943010216706463, -21.90323113046457]
Position: [1.2793577177965387, 1.2534522024094774, 74.99279695811116], Rotation: [-1.4711552624068753, 6.673823800690945, 3.9019789311405506], Velocity: [0.7657566863480547, 0.7531048753813196, -21.990297584925138]
Position: [1.2870152846600194, 1.2609832511632906, 74.77191298226191], Rotation: [-1.4947706624068753, 6.659427910690945, 3.9019789311405506], Velocity: [0.8251925979038668, 0.811908729091993, -22.077364039385706]
Position: [1.295267210639058, 1.2691023384542106, 74.55015834186806], Rotation: [-1.5183860624068752, 6.645032020690945, 3.9019789311405506], Velocity: [0.8846285094596789, 0.8707125828026663, -22.164430493846275]
Position: [1.3041134957336546, 1.2778094642822373, 74.3275330369296], Rotation: [-1.5420014624068752, 6.630636130690944, 3.9019789311405506], Velocity: [0.9440644210154909, 0.9295164365133396, -22.251496948306844]
Position: [1.3135541399438095, 1.2871046286473706, 74.10403706744653], Rotation: [-1.5656168624068751, 6.616240240690944, 3.9019789311405506], Velocity: [1.003500332571303, 0.9883202902240129, -22.338563402767413]
Position: [1.3235891432695226, 1.2969878315496108, 73.87967043341885], Rotation: [-1.589232262406875, 6.601844350690944, 3.9019789311405506], Velocity: [1.062936244127115, 1.0471241439346861, -22.42562985722798]
Position: [1.3342185057107938, 1.3074590729889577, 73.65443313484657], Rotation: [-1.612847662406875, 6.587448460690943, 3.9019789311405506], Velocity: [1.1223721556829271, 1.1059279976453595, -22.51269631168855]
Position: [1.3454422272676232, 1.3185183529654112, 73.42832517172968], Rotation: [-1.636463062406875, 6.573052570690943, 3.9019789311405506], Velocity: [1.1818080672387392, 1.164731851356033, -22.59976276614912]
Position: [1.3572603079400105, 1.3301656714789716, 73.20134654406819], Rotation: [-1.660078462406875, 6.558656680690943, 3.9019789311405506], Velocity: [1.2412439787945513, 1.2235357050667064, -22.686829220609688]
Position: [1.369672747727956, 1.3424010285296386, 72.97349725186209], Rotation: [-1.683693862406875, 6.5442607906909425, 3.9019789311405506], Velocity: [1.3006798903503634, 1.2823395587773798, -22.773895675070257]
Position: [1.3826795466314596, 1.3552244241174125, 72.74477729511138], Rotation: [-1.7073092624068749, 6.529864900690942, 3.9019789311405506], Velocity: [1.3601158019061754, 1.3411434124880532, -22.860962129530826]
Position: [1.3962807046505215, 1.368635858242293, 72.51518667381607], Rotation: [-1.7309246624068748, 6.515469010690942, 3.9019789311405506], Velocity: [1.4195517134619875, 1.3999472661987267, -22.948028583991395]
Position: [1.4104762217851414, 1.3826353309042803, 72.28472538797617], Rotation: [-1.7545400624068748, 6.501073120690942, 3.9019789311405506], Velocity: [1.4789876250177996, 1.4587511199094, -23.035095038451963]
Position: [1.4252660980353193, 1.3972228421033743, 72.05339343759165], Rotation: [-1.7781554624068747, 6.486677230690941, 3.9019789311405506], Velocity: [1.5384235365736116, 1.5175549736200735, -23.122161492912532]
Position: [1.4406503334010554, 1.412398391839575, 71.82119082266253], Rotation: [-1.8017708624068747, 6.472281340690941, 3.9019789311405506], Velocity: [1.5978594481294237, 1.576358827330747, -23.2092279473731]
Position: [1.4566289278823497, 1.4281619801128824, 71.5881175431888], Rotation: [-1.8253862624068746, 6.457885450690941, 3.9019789311405506], Velocity: [1.6572953596852358, 1.6351626810414204, -23.29629440183367]
Position: [1.473201881479202, 1.4445136069232967, 71.35417359917047], Rotation: [-1.8489939924068746, 6.46409922069094, 3.9019789311405506], Velocity: [1.6408727274221084, 1.618889746796247, -23.36210414147219]
Position: [1.489610608753423, 1.4607025043912591, 71.11957155775575], Rotation: [-1.8726017224068745, 6.47031299069094, 3.9019789311405506], Velocity: [1.624450095158981, 1.6026168125510738, -23.42791388111071]
Position: [1.505855109705013, 1.4767286725167699, 70.88431141894463], Rotation: [-1.8962094524068744, 6.476526760690939, 3.9019789311405506], Velocity: [1.6080274628958537, 1.5863438783059005, -23.493723620749233]
Position: [1.5219353843339716, 1.4925921112998288, 70.64839318273714], Rotation: [-1.9198171824068744, 6.482740530690939, 3.9019789311405506], Velocity: [1.5916048306327264, 1.5700709440607272, -23.559533360387753]
Position: [1.5378514326402988, 1.508292820740436, 70.41181684913326], Rotation: [-1.9434249124068743, 6.4889543006909385, 3.9019789311405506], Velocity: [1.575182198369599, 1.553798009815554, -23.625343100026274]
Position: [1.5536032546239948, 1.5238308008385915, 70.174582418133], Rotation: [-1.9670326424068743, 6.495168070690938, 3.9019789311405506], Velocity: [1.5587595661064717, 1.5375250755703807, -23.691152839664795]
Position: [1.5691908502850596, 1.5392060515942954, 69.93668988973636], Rotation: [-1.9906403724068742, 6.501381840690938, 3.9019789311405506], Velocity: [1.5423369338433444, 1.5212521413252074, -23.756962579303316]
Position: [1.584614219623493, 1.5544185730075475, 69.69813926394332], Rotation: [-2.0142481024068744, 6.507595610690937, 3.9019789311405506], Velocity: [1.525914301580217, 1.504979207080034, -23.822772318941837]
Position: [1.5998733626392951, 1.5694683650783479, 69.4589305407539], Rotation: [-2.0378558324068745, 6.513809380690937, 3.9019789311405506], Velocity: [1.5094916693170897, 1.4887062728348608, -23.888582058580358]
Position: [1.614968279332466, 1.5843554278066965, 69.2190637201681], Rotation: [-2.0614635624068747, 6.520023150690936, 3.9019789311405506], Velocity: [1.4930690370539623, 1.4724333385896875, -23.95439179821888]
Position: [1.6298989697030057, 1.5990797611925933, 68.97853880218591], Rotation: [-2.085071292406875, 6.526236920690936, 3.9019789311405506], Velocity: [1.476646404790835, 1.4561604043445142, -24.0202015378574]
Position: [1.6446654337509141, 1.6136413652360384, 68.73735578680734], Rotation: [-2.108679022406875, 6.532450690690935, 3.9019789311405506], Velocity: [1.4602237725277076, 1.439887470099341, -24.08601127749592]
Position: [1.6592676714761911, 1.6280402399370317, 68.49551467403238], Rotation: [-2.132286752406875, 6.538664460690935, 3.9019789311405506], Velocity: [1.4438011402645803, 1.4236145358541676, -24.15182101713444]
Position: [1.673705682878837, 1.6422763852955735, 68.25301546386103], Rotation: [-2.1558944824068753, 6.5448782306909346, 3.9019789311405506], Velocity: [1.427378508001453, 1.4073416016089944, -24.217630756772962]
Position: [1.6879794679588516, 1.6563498013116635, 68.0098581562933], Rotation: [-2.1795022124068755, 6.551092000690934, 3.9019789311405506], Velocity: [1.4109558757383256, 1.391068667363821, -24.283440496411483]
Position: [1.7020890267162347, 1.6702604879853018, 67.7660427513292], Rotation: [-2.2031099424068756, 6.557305770690934, 3.9019789311405506], Velocity: [1.3945332434751982, 1.3747957331186478, -24.349250236050004]
Position: [1.7160343591509868, 1.6840084453164883, 67.52156924896869], Rotation: [-2.226717672406876, 6.563519540690933, 3.9019789311405506], Velocity: [1.378110611212071, 1.3585227988734745, -24.415059975688525]
Position: [1.7298154652631075, 1.697593673305223, 67.2764376492118], Rotation: [-2.250325402406876, 6.569733310690933, 3.9019789311405506], Velocity: [1.3616879789489436, 1.3422498646283012, -24.480869715327046]
Position: [1.7434323450525968, 1.711016171951506, 67.03064795205853], Rotation: [-2.273933132406876, 6.575947080690932, 3.9019789311405506], Velocity: [1.3452653466858162, 1.325976930383128, -24.546679454965567]
Position: [1.756884998519455, 1.7242759412553372, 66.78420015750888], Rotation: [-2.2975408624068763, 6.582160850690932, 3.9019789311405506], Velocity: [1.3288427144226889, 1.3097039961379546, -24.612489194604088]
Position: [1.7701734256636819, 1.7373729812167167, 66.53709426556284], Rotation: [-2.3211485924068764, 6.5883746206909315, 3.9019789311405506], Velocity: [1.3124200821595615, 1.2934310618927813, -24.67829893424261]
Position: [1.7832976264852776, 1.7503072918356446, 66.28933027622041], Rotation: [-2.3447563224068766, 6.594588390690931, 3.9019789311405506], Velocity: [1.2959974498964342, 1.277158127647608, -24.74410867388113]
Position: [1.796257600984242, 1.7630788731121207, 66.0409081894816], Rotation: [-2.3683640524068768, 6.600802160690931, 3.9019789311405506], Velocity: [1.2795748176333068, 1.2608851934024348, -24.80991841351965]
Position: [1.809053349160575, 1.7756877250461451, 65.7918280053464], Rotation: [-2.391971782406877, 6.60701593069093, 3.9019789311405506], Velocity: [1.2631521853701795, 1.2446122591572615, -24.87572815315817]
Position: [1.8216848710142768, 1.7881338476377178, 65.54208972381483], Rotation: [-2.415579512406877, 6.61322970069093, 3.9019789311405506], Velocity: [1.2467295531070521, 1.2283393249120882, -24.941537892796692]
Position: [1.8341521665453473, 1.8004172408868386, 65.29169334488685], Rotation: [-2.4391872424068772, 6.619443470690929, 3.9019789311405506], Velocity: [1.2303069208439248, 1.212066390666915, -25.007347632435213]
Position: [1.8464552357537865, 1.8125379047935077, 65.0406388685625], Rotation: [-2.4627949724068774, 6.625657240690929, 3.9019789311405506], Velocity: [1.2138842885807974, 1.1957934564217416, -25.073157372073734]
Position: [1.8585940786395945, 1.824495839357725, 64.78892629484176], Rotation: [-2.4864027024068776, 6.631871010690928, 3.9019789311405506], Velocity: [1.19746165631767, 1.1795205221765683, -25.138967111712255]
Position: [1.8705686952027711, 1.8362910445794907, 64.53655562372464], Rotation: [-2.5100104324068777, 6.638084780690928, 3.9019789311405506], Velocity: [1.1810390240545428, 1.163247587931395, -25.204776851350776]
Position: [1.8823790854433167, 1.8479235204588047, 64.28352685521114], Rotation: [-2.533618162406878, 6.644298550690928, 3.9019789311405506], Velocity: [1.1646163917914154, 1.1469746536862218, -25.270586590989296]
Position: [1.8940252493612308, 1.859393266995667, 64.02983998930124], Rotation: [-2.557225892406878, 6.650512320690927, 3.9019789311405506], Velocity: [1.148193759528288, 1.1307017194410485, -25.336396330627817]
Position: [1.9055071869565137, 1.8707002841900775, 63.77549502599496], Rotation: [-2.580833622406878, 6.656726090690927, 3.9019789311405506], Velocity: [1.1317711272651607, 1.1144287851958752, -25.402206070266338]
Position: [1.9168248982291654, 1.8818445720420363, 63.520491965292294], Rotation: [-2.6044355924068783, 6.683551440690927, 3.9019789311405506], Velocity: [1.1024541513193233, 1.0853455578845692, -25.58385360146962]
Position: [1.9278494397423587, 1.892698027620882, 63.2636724292776], Rotation: [-2.6280375624068784, 6.710376790690927, 3.9019789311405506], Velocity: [1.073137175373486, 1.0562623305732632, -25.765501132672902]
Position: [1.9385808114960936, 1.9032606509266146, 63.00503641795087], Rotation: [-2.6516395324068784, 6.737202140690927, 3.9019789311405506], Velocity: [1.0438201994276486, 1.0271791032619573, -25.947148663876185]
Position: [1.9490190134903702, 1.913532441959234, 62.74458393131211], Rotation: [-2.6752415024068785, 6.7640274906909275, 3.9019789311405506], Velocity: [1.0145032234818112, 0.9980958759506514, -26.128796195079467]
Position: [1.9591640457251884, 1.9235134007187407, 62.48231496936131], Rotation: [-2.6988434724068786, 6.790852840690928, 3.9019789311405506], Velocity: [0.985186247535974, 0.9690126486393456, -26.31044372628275]
Position: [1.969015908200548, 1.9332035272051342, 62.21822953209848], Rotation: [-2.7224454424068787, 6.817678190690928, 3.9019789311405506], Velocity: [0.9558692715901367, 0.9399294213280397, -26.49209125748603]
Position: [1.9785746009164493, 1.9426028214184146, 61.95232761952362], Rotation: [-2.7460474124068788, 6.844503540690928, 3.9019789311405506], Velocity: [0.9265522956442994, 0.9108461940167338, -26.673738788689313]
Position: [1.9878401238728922, 1.951711283358582, 61.68460923163673], Rotation: [-2.769649382406879, 6.871328890690928, 3.9019789311405506], Velocity: [0.8972353196984622, 0.881762966705428, -26.855386319892595]
Position: [1.9968124770698767, 1.9605289130256363, 61.4150743684378], Rotation: [-2.793251352406879, 6.898154240690928, 3.9019789311405506], Velocity: [0.8679183437526249, 0.8526797393941221, -27.037033851095877]
Position: [2.005491660507403, 1.9690557104195774, 61.14372302992684], Rotation: [-2.816853322406879, 6.924979590690929, 3.9019789311405506], Velocity: [0.8386013678067876, 0.8235965120828163, -27.21868138229916]
Position: [2.013877674185471, 1.9772916755404055, 60.870555216103845], Rotation: [-2.840455292406879, 6.951804940690929, 3.9019789311405506], Velocity: [0.8092843918609504, 0.7945132847715104, -27.40032891350244]
Position: [2.0219705181040806, 1.9852368083881207, 60.59557092696882], Rotation: [-2.864057262406879, 6.978630290690929, 3.9019789311405506], Velocity: [0.7799674159151131, 0.7654300574602045, -27.581976444705724]
Position: [2.0297701922632316, 1.9928911089627228, 60.31877016252176], Rotation: [-2.8876592324068793, 7.005455640690929, 3.9019789311405506], Velocity: [0.7506504399692758, 0.7363468301488987, -27.763623975909006]
Position: [2.0372766966629245, 2.000254577264212, 60.040152922762665], Rotation: [-2.9112612024068794, 7.032280990690929, 3.9019789311405506], Velocity: [0.7213334640234386, 0.7072636028375928, -27.945271507112288]
Position: [2.044490031303159, 2.0073272132925877, 59.75971920769154], Rotation: [-2.9348631724068794, 7.05910634069093, 3.9019789311405506], Velocity: [0.6920164880776013, 0.678180375526287, -28.12691903831557]
Position: [2.051410196183935, 2.0141090170478506, 59.47746901730839], Rotation: [-2.9584651424068795, 7.08593169069093, 3.9019789311405506], Velocity: [0.662699512131764, 0.6490971482149811, -28.308566569518852]
Position: [2.0580371913052526, 2.0205999885300003, 59.1934023516132], Rotation: [-2.9820671124068796, 7.11275704069093, 3.9019789311405506], Velocity: [0.6333825361859268, 0.6200139209036752, -28.490214100722135]
Position: [2.064371016667112, 2.0268001277390373, 58.90751921060598], Rotation: [-3.0056690824068797, 7.13958239069093, 3.9019789311405506], Velocity: [0.6040655602400895, 0.5909306935923694, -28.671861631925417]
Position: [2.070411672269513, 2.032709434674961, 58.61981959428673], Rotation: [-3.0292710524068798, 7.16640774069093, 3.9019789311405506], Velocity: [0.5747485842942522, 0.5618474662810635, -28.8535091631287]
Position: [2.0761591581124557, 2.0383279093377715, 58.33030350265545], Rotation: [-3.05287302240688, 7.1932330906909305, 3.9019789311405506], Velocity: [0.545431608348415, 0.5327642389697577, -29.03515669433198]
Position: [2.08161347419594, 2.0436555517274693, 58.03897093571213], Rotation: [-3.07647499240688, 7.220058440690931, 3.9019789311405506], Velocity: [0.5161146324025777, 0.5036810116584518, -29.216804225535263]
Position: [2.0867746205199658, 2.048692361844054, 57.74582189345678], Rotation: [-3.10007696240688, 7.246883790690931, 3.9019789311405506], Velocity: [0.48679765645674045, 0.47459778434714595, -29.398451756738545]
Position: [2.091642597084533, 2.053438339687525, 57.450856375889394], Rotation: [-3.12367893240688, 7.273709140690931, 3.9019789311405506], Velocity: [0.4574806805109032, 0.4455145570358401, -29.580099287941827]
Position: [2.0962174038896424, 2.0578934852578836, 57.15407438300998], Rotation: [-3.14728090240688, 7.300534490690931, 3.9019789311405506], Velocity: [0.4281637045650659, 0.4164313297245342, -29.76174681914511]
Position: [2.100499040935293, 2.062057798555129, 56.85547591481853], Rotation: [-3.1708828724068803, 7.3273598406909315, 3.9019789311405506], Velocity: [0.39884672861922865, 0.38734810241322837, -29.94339435034839]
Position: [2.104487508221485, 2.065931279579261, 56.555060971315044], Rotation: [-3.1944848424068804, 7.354185190690932, 3.9019789311405506], Velocity: [0.3695297526733914, 0.3582648751019225, -30.125041881551674]
Position: [2.108182805748219, 2.0695139283302804, 56.25282955249953], Rotation: [-3.2180868124068804, 7.381010540690932, 3.9019789311405506], Velocity: [0.3402127767275541, 0.32918164779061665, -30.306689412754956]
Position: [2.1115849335154944, 2.0728057448081865, 55.94878165837198], Rotation: [-3.2416887824068805, 7.407835890690932, 3.9019789311405506], Velocity: [0.31089580078171686, 0.3000984204793108, -30.488336943958238]
Position: [2.1146938915233116, 2.0758067290129794, 55.642917288932395], Rotation: [-3.2652907524068806, 7.434661240690932, 3.9019789311405506], Velocity: [0.2815788248358796, 0.27101519316800493, -30.66998447516152]
Position: [2.11750967977167, 2.0785168809446595, 55.33523644418078], Rotation: [-3.2888927224068807, 7.4614865906909325, 3.9019789311405506], Velocity: [0.25226184889004233, 0.24193196585669904, -30.851632006364802]
Position: [2.1200322982605706, 2.0809362006032264, 55.02573912411713], Rotation: [-3.3124946924068808, 7.488311940690933, 3.9019789311405506], Velocity: [0.22294487294420504, 0.21284873854539316, -31.033279537568085]
Position: [2.1222617469900125, 2.0830646879886805, 54.71442532874145], Rotation: [-3.3360909124068807, 7.472913180690933, 3.9019789311405506], Velocity: [0.25739607060748015, 0.24706457834266138, -31.12987771586889]
Position: [2.124835707696087, 2.085535333772107, 54.40214555158276], Rotation: [-3.3596871324068807, 7.4575144206909325, 3.9019789311405506], Velocity: [0.2918472682707553, 0.2812804181399296, -31.226475894169695]
Position: [2.1277541803787945, 2.0883481379535063, 54.088899792641065], Rotation: [-3.3832833524068806, 7.442115660690932, 3.9019789311405506], Velocity: [0.32629846593403045, 0.3154962579371978, -31.3230740724705]
Position: [2.1310171650381347, 2.0915031005328784, 53.77468805191636], Rotation: [-3.4068795724068806, 7.426716900690932, 3.9019789311405506], Velocity: [0.3607496635973056, 0.34971209773446604, -31.419672250771306]
Position: [2.1346246616741076, 2.095000221510223, 53.459510329408644], Rotation: [-3.4304757924068805, 7.411318140690932, 3.9019789311405506], Velocity: [0.39520086126058074, 0.38392793753173426, -31.51627042907211]
Position: [2.1385766702867133, 2.09883950088554, 53.14336662511792], Rotation: [-3.4540720124068804, 7.395919380690932, 3.9019789311405506], Velocity: [0.4296520589238559, 0.4181437773290025, -31.612868607372917]
Position: [2.1428731908759517, 2.10302093865883, 52.82625693904419], Rotation: [-3.4776682324068804, 7.380520620690932, 3.9019789311405506], Velocity: [0.46410325658713103, 0.4523596171262707, -31.709466785673722]
Position: [2.147514223441823, 2.107544534830093, 52.50818127118745], Rotation: [-3.5012644524068803, 7.365121860690932, 3.9019789311405506], Velocity: [0.4985544542504062, 0.48657545692353893, -31.806064963974528]
Position: [2.152499767984327, 2.112410289399328, 52.18913962154771], Rotation: [-3.5248606724068803, 7.349723100690932, 3.9019789311405506], Velocity: [0.5330056519136813, 0.5207912967208072, -31.902663142275333]
Position: [2.1578298245034637, 2.117618202366536, 51.869131990124956], Rotation: [-3.5484568924068802, 7.334324340690932, 3.9019789311405506], Velocity: [0.5674568495769564, 0.5550071365180753, -31.99926132057614]
Position: [2.1635043929992333, 2.123168273731717, 51.5481583769192], Rotation: [-3.57205311240688, 7.318925580690932, 3.9019789311405506], Velocity: [0.6019080472402315, 0.5892229763153436, -32.09585949887694]
Position: [2.1695234734716355, 2.1290605034948706, 51.22621878193043], Rotation: [-3.59564933240688, 7.303526820690932, 3.9019789311405506], Velocity: [0.6363592449035066, 0.6234388161126119, -32.19245767717774]
Position: [2.1758870659206706, 2.1352948916559966, 50.90331320515865], Rotation: [-3.61924555240688, 7.288128060690932, 3.9019789311405506], Velocity: [0.6708104425667817, 0.6576546559098801, -32.289055855478544]
Position: [2.1825951703463384, 2.1418714382150954, 50.57944164660387], Rotation: [-3.64284177240688, 7.272729300690932, 3.9019789311405506], Velocity: [0.7052616402300568, 0.6918704957071484, -32.385654033779346]
Position: [2.189647786748639, 2.148790143172167, 50.25460410626607], Rotation: [-3.66643799240688, 7.257330540690932, 3.9019789311405506], Velocity: [0.7397128378933319, 0.7260863355044167, -32.48225221208015]
Position: [2.1970449151275724, 2.1560510065272114, 49.92880058414527], Rotation: [-3.69003421240688, 7.241931780690932, 3.9019789311405506], Velocity: [0.774164035556607, 0.760302175301685, -32.57885039038095]
Position: [2.2047865554831385, 2.163654028280228, 49.60203108024146], Rotation: [-3.71363043240688, 7.2265330206909315, 3.9019789311405506], Velocity: [0.808615233219882, 0.7945180150989533, -32.67544856868175]
Position: [2.2128727078153374, 2.1715992084312177, 49.274295594554644], Rotation: [-3.73722665240688, 7.211134260690931, 3.9019789311405506], Velocity: [0.8430664308831571, 0.8287338548962215, -32.772046746982554]
Position: [2.221303372124169, 2.17988654698018, 48.94559412708482], Rotation: [-3.7608228724068797, 7.195735500690931, 3.9019789311405506], Velocity: [0.8775176285464322, 0.8629496946934898, -32.868644925283355]
Position: [2.2300785484096335, 2.1885160439271147, 48.615926677831986], Rotation: [-3.7844190924068797, 7.180336740690931, 3.9019789311405506], Velocity: [0.9119688262097073, 0.8971655344907581, -32.96524310358416]
Position: [2.2391982366717307, 2.1974876992720223, 48.285293246796144], Rotation: [-3.8080153124068796, 7.164937980690931, 3.9019789311405506], Velocity: [0.9464200238729824, 0.9313813742880264, -33.06184128188496]
Position: [2.2486624369104606, 2.2068015130149026, 47.9536938339773], Rotation: [-3.8316115324068796, 7.149539220690931, 3.9019789311405506], Velocity: [0.9808712215362575, 0.9655972140852946, -33.15843946018576]
Position: [2.2584711491258234, 2.2164574851557557, 47.62112843937544], Rotation: [-3.8552077524068795, 7.134140460690931, 3.9019789311405506], Velocity: [1.0153224191995327, 0.9998130538825629, -33.25503763848656]
Position: [2.268624373317819, 2.226455615694581, 47.28759706299057], Rotation: [-3.8788039724068795, 7.118741700690931, 3.9019789311405506], Velocity: [1.0497736168628078, 1.0340288936798312, -33.351635816787365]
Position: [2.279122109486447, 2.2367959046313795, 46.9530997048227], Rotation: [-3.9024001924068794, 7.103342940690931, 3.9019789311405506], Velocity: [1.0842248145260829, 1.0682447334770995, -33.44823399508817]
Position: [2.289964357631708, 2.2474783519661505, 46.617636364871814], Rotation: [-3.9259964124068794, 7.087944180690931, 3.9019789311405506], Velocity: [1.118676012189358, 1.1024605732743677, -33.54483217338897]
Position: [2.301151117753602, 2.2585029576988944, 46.281207043137925], Rotation: [-3.9495926324068793, 7.072545420690931, 3.9019789311405506], Velocity: [1.153127209852633, 1.136676413071636, -33.64143035168977]
Position: [2.312682389852128, 2.2698697218296107, 45.943811739621026], Rotation: [-3.9731888524068792, 7.057146660690931, 3.9019789311405506], Velocity: [1.1875784075159082, 1.1708922528689043, -33.73802852999057]
Position: [2.324558173927287, 2.2815786443582997, 45.60545045432112], Rotation: [-3.996785072406879, 7.041747900690931, 3.9019789311405506], Velocity: [1.2220296051791832, 1.2051080926661726, -33.834626708291374]
Position: [2.3367784699790786, 2.2936297252849616, 45.26612318723821], Rotation: [-4.02038129240688, 7.026349140690931, 3.9019789311405506], Velocity: [1.2564808028424583, 1.2393239324634409, -33.931224886592176]
Position: [2.349343278007503, 2.3060229646095958, 44.92582993837229], Rotation: [-4.0439775124068795, 7.010950380690931, 3.9019789311405506], Velocity: [1.2909320005057334, 1.2735397722607091, -34.02782306489298]
Position: [2.36225259801256, 2.318758362332203, 44.58457070772336], Rotation: [-4.0675737324068795, 6.9955516206909305, 3.9019789311405506], Velocity: [1.3253831981690085, 1.3077556120579774, -34.12442124319378]
Position: [2.37550642999425, 2.3318359184527826, 44.24234549529142], Rotation: [-4.09116420240688, 7.00076252069093, 3.9019789311405506], Velocity: [1.3239860051672656, 1.3063663674184927, -34.21908869543246]
Position: [2.3887462900459226, 2.3448995821269674, 43.899173608337094], Rotation: [-4.11475467240688, 7.00597342069093, 3.9019789311405506], Velocity: [1.3225888121655227, 1.304977122779008, -34.31375614767114]
Position: [2.401972178167578, 2.3579493533547575, 43.55505504686038], Rotation: [-4.13834514240688, 7.01118432069093, 3.9019789311405506], Velocity: [1.3211916191637798, 1.3035878781395231, -34.408423599909824]
Position: [2.4151840943592155, 2.3709852321361526, 43.20998981086128], Rotation: [-4.1619356124068805, 7.01639522069093, 3.9019789311405506], Velocity: [1.319794426162037, 1.3021986335000384, -34.503091052148505]
Position: [2.428382038620836, 2.384007218471153, 42.8639779003398], Rotation: [-4.185526082406881, 7.0216061206909295, 3.9019789311405506], Velocity: [1.318397233160294, 1.3008093888605536, -34.59775850438719]
Position: [2.441566010952439, 2.3970153123597586, 42.517019315295926], Rotation: [-4.209116552406881, 7.026817020690929, 3.9019789311405506], Velocity: [1.317000040158551, 1.2994201442210689, -34.69242595662587]
Position: [2.4547360113540244, 2.4100095138019695, 42.169114055729665], Rotation: [-4.232707022406881, 7.032027920690929, 3.9019789311405506], Velocity: [1.3156028471568082, 1.2980308995815841, -34.78709340886455]
Position: [2.4678920398255926, 2.4229898227977853, 41.82026212164102], Rotation: [-4.2562974924068815, 7.037238820690929, 3.9019789311405506], Velocity: [1.3142056541550653, 1.2966416549420994, -34.88176086110323]
Position: [2.4810340963671433, 2.4359562393472065, 41.47046351302999], Rotation: [-4.279887962406882, 7.042449720690929, 3.9019789311405506], Velocity: [1.3128084611533224, 1.2952524103026146, -34.97642831334191]
Position: [2.4941621809786767, 2.4489087634502327, 41.11971822989657], Rotation: [-4.303478432406882, 7.0476606206909285, 3.9019789311405506], Velocity: [1.3114112681515795, 1.2938631656631299, -35.071095765580594]
Position: [2.5072762936601927, 2.461847395106864, 40.76802627224076], Rotation: [-4.327068902406882, 7.052871520690928, 3.9019789311405506], Velocity: [1.3100140751498366, 1.2924739210236451, -35.165763217819276]
Position: [2.5203764344116912, 2.4747721343171003, 40.41538764006257], Rotation: [-4.3506593724068825, 7.058082420690928, 3.9019789311405506], Velocity: [1.3086168821480937, 1.2910846763841604, -35.26043067005796]
Position: [2.533462603233172, 2.4876829810809418, 40.06180233336199], Rotation: [-4.374249842406883, 7.063293320690928, 3.9019789311405506], Velocity: [1.3072196891463508, 1.2896954317446756, -35.35509812229664]
Position: [2.5465348001246353, 2.5005799353983886, 39.70727035213902], Rotation: [-4.397840312406883, 7.068504220690928, 3.9019789311405506], Velocity: [1.3058224961446079, 1.2883061871051908, -35.44976557453532]
Position: [2.559593025086081, 2.5134629972694404, 39.35179169639367], Rotation: [-4.421430782406883, 7.0737151206909274, 3.9019789311405506], Velocity: [1.304425303142865, 1.286916942465706, -35.544433026774]
Position: [2.5726372781175098, 2.5263321666940977, 38.99536636612593], Rotation: [-4.4450212524068835, 7.078926020690927, 3.9019789311405506], Velocity: [1.303028110141122, 1.2855276978262213, -35.63910047901268]
Position: [2.585667559218921, 2.53918744367236, 38.6379943613358], Rotation: [-4.468611722406884, 7.084136920690927, 3.9019789311405506], Velocity: [1.3016309171393792, 1.2841384531867366, -35.733767931251364]
Position: [2.5986838683903146, 2.5520288282042274, 38.27967568202329], Rotation: [-4.492202192406884, 7.089347820690927, 3.9019789311405506], Velocity: [1.3002337241376363, 1.2827492085472518, -35.828435383490046]
Position: [2.611686205631691, 2.5648563202897, 37.92041032818839], Rotation: [-4.515792662406884, 7.094558720690927, 3.9019789311405506], Velocity: [1.2988365311358934, 1.281359963907767, -35.92310283572873]
Position: [2.62467457094305, 2.5776699199287774, 37.5601982998311], Rotation: [-4.5393831324068845, 7.099769620690926, 3.9019789311405506], Velocity: [1.2974393381341505, 1.2799707192682823, -36.01777028796741]
Position: [2.6376489643243914, 2.5904696271214602, 37.19903959695142], Rotation: [-4.562973602406885, 7.104980520690926, 3.9019789311405506], Velocity: [1.2960421451324076, 1.2785814746287976, -36.11243774020609]
Position: [2.6506093857757156, 2.603255441867748, 36.83693421954936], Rotation: [-4.586564072406885, 7.110191420690926, 3.9019789311405506], Velocity: [1.2946449521306647, 1.2771922299893128, -36.20710519244477]
Position: [2.6635558352970223, 2.6160273641676413, 36.473882167624915], Rotation: [-4.610154542406885, 7.115402320690926, 3.9019789311405506], Velocity: [1.2932477591289218, 1.275802985349828, -36.30177264468345]
Position: [2.6764883128883117, 2.6287853940211394, 36.10988344117808], Rotation: [-4.6337450124068855, 7.120613220690926, 3.9019789311405506], Velocity: [1.2918505661271789, 1.2744137407103433, -36.396440096922134]
Position: [2.6894068185495836, 2.641529531428243, 35.74493804020886], Rotation: [-4.657335482406886, 7.125824120690925, 3.9019789311405506], Velocity: [1.290453373125436, 1.2730244960708585, -36.491107549160816]
Position: [2.702311352280838, 2.6542597763889515, 35.37904596471725], Rotation: [-4.680925952406886, 7.131035020690925, 3.9019789311405506], Velocity: [1.289056180123693, 1.2716352514313738, -36.5857750013995]
Position: [2.715201914082075, 2.6669761289032654, 35.01220721470325], Rotation: [-4.704516422406886, 7.136245920690925, 3.9019789311405506], Velocity: [1.2876589871219501, 1.270246006791889, -36.68044245363818]
Position: [2.728078503953294, 2.6796785889711843, 34.644421790166874], Rotation: [-4.7281068924068865, 7.141456820690925, 3.9019789311405506], Velocity: [1.2862617941202072, 1.2688567621524043, -36.77510990587686]
Position: [2.740941121894496, 2.6923671565927085, 34.275689691108106], Rotation: [-4.751697362406887, 7.146667720690925, 3.9019789311405506], Velocity: [1.2848646011184643, 1.2674675175129195, -36.86977735811554]
Position: [2.7537897679056806, 2.7050418317678377, 33.90601091752695], Rotation: [-4.775287832406887, 7.151878620690924, 3.9019789311405506], Velocity: [1.2834674081167214, 1.2660782728734348, -36.96444481035422]
Position: [2.7666244419868478, 2.717702614496572, 33.5353854694234], Rotation: [-4.798878302406887, 7.157089520690924, 3.9019789311405506], Velocity: [1.2820702151149785, 1.26468902823395, -37.059112262592905]
Position: [2.7794451441379975, 2.7303495047789115, 33.163813346797475], Rotation: [-4.8224687724068875, 7.162300420690924, 3.9019789311405506], Velocity: [1.2806730221132356, 1.2632997835944653, -37.153779714831586]
Position: [2.79225187435913, 2.742982502614856, 32.79129454964916], Rotation: [-4.846051572406887, 7.188122900690924, 3.9019789311405506], Velocity: [1.2590757946390685, 1.2417924512329188, -37.30056628501877]
Position: [2.8048426323055207, 2.755400427127185, 32.41730788679897], Rotation: [-4.869634372406887, 7.213945380690925, 3.9019789311405506], Velocity: [1.2374785671649013, 1.2202851188713724, -37.44735285520595]
Position: [2.8172174179771696, 2.7676032783158986, 32.04185335824691], Rotation: [-4.893217172406887, 7.239767860690925, 3.9019789311405506], Velocity: [1.2158813396907342, 1.198777786509826, -37.59413942539313]
Position: [2.829376231374077, 2.7795910561809967, 31.66493096399298], Rotation: [-4.916799972406887, 7.265590340690926, 3.9019789311405506], Velocity: [1.194284112216567, 1.1772704541482795, -37.74092599558031]
Position: [2.8413190724962427, 2.7913637607224793, 31.286540704037176], Rotation: [-4.9403827724068865, 7.291412820690926, 3.9019789311405506], Velocity: [1.1726868847424, 1.155763121786733, -37.887712565767494]
Position: [2.853045941343667, 2.8029213919403464, 30.906682578379503], Rotation: [-4.963965572406886, 7.3172353006909265, 3.9019789311405506], Velocity: [1.1510896572682328, 1.1342557894251866, -38.034499135954675]
Position: [2.864556837916349, 2.814263949834598, 30.525356587019957], Rotation: [-4.987548372406886, 7.343057780690927, 3.9019789311405506], Velocity: [1.1294924297940656, 1.1127484570636401, -38.18128570614186]
Position: [2.87585176221429, 2.8253914344052347, 30.142562729958538], Rotation: [-5.011131172406886, 7.368880260690927, 3.9019789311405506], Velocity: [1.1078952023198985, 1.0912411247020937, -38.32807227632904]
Position: [2.8869307142374887, 2.836303845652256, 29.758301007195247], Rotation: [-5.034713972406886, 7.394702740690928, 3.9019789311405506], Velocity: [1.0862979748457313, 1.0697337923405472, -38.47485884651622]
Position: [2.897793693985946, 2.8470011835756615, 29.372571418730086], Rotation: [-5.0582967724068855, 7.420525220690928, 3.9019789311405506], Velocity: [1.0647007473715642, 1.0482264599790008, -38.6216454167034]
Position: [2.9084407014596616, 2.8574834481754516, 28.985373964563053], Rotation: [-5.081879572406885, 7.446347700690929, 3.9019789311405506], Velocity: [1.043103519897397, 1.0267191276174543, -38.76843198689058]
Position: [2.9188717366586356, 2.8677506394516263, 28.596708644694147], Rotation: [-5.105462372406885, 7.472170180690929, 3.9019789311405506], Velocity: [1.0215062924232299, 1.0052117952559079, -38.915218557077765]
Position: [2.9290867995828678, 2.8778027574041856, 28.206575459123368], Rotation: [-5.129045172406885, 7.4979926606909295, 3.9019789311405506], Velocity: [0.9999090649490628, 0.9837044628943613, -39.062005127264946]
Position: [2.9390858902323584, 2.8876398020331293, 27.81497440785072], Rotation: [-5.152627972406885, 7.52381514069093, 3.9019789311405506], Velocity: [0.9783118374748958, 0.9621971305328147, -39.20879169745213]
Position: [2.948869008607107, 2.8972617733384576, 27.4219054908762], Rotation: [-5.176210772406884, 7.54963762069093, 3.9019789311405506], Velocity: [0.9567146100007288, 0.9406897981712682, -39.35557826763931]
Position: [2.9584361547071145, 2.9066686713201704, 27.027368708199806], Rotation: [-5.199793572406884, 7.575460100690931, 3.9019789311405506], Velocity: [0.9351173825265617, 0.9191824658097216, -39.50236483782649]
Position: [2.96778732853238, 2.9158604959782677, 26.63136405982154], Rotation: [-5.223376372406884, 7.601282580690931, 3.9019789311405506], Velocity: [0.9135201550523947, 0.8976751334481751, -39.64915140801367]
Position: [2.976922530082904, 2.9248372473127495, 26.233891545741404], Rotation: [-5.246959172406884, 7.627105060690932, 3.9019789311405506], Velocity: [0.8919229275782277, 0.8761678010866285, -39.795937978200854]
Position: [2.9858417593586863, 2.933598925323616, 25.834951165959396], Rotation: [-5.270541972406884, 7.652927540690932, 3.9019789311405506], Velocity: [0.8703257001040606, 0.854660468725082, -39.942724548388036]
Position: [2.994545016359727, 2.9421455300108668, 25.434542920475515], Rotation: [-5.294124772406883, 7.6787500206909325, 3.9019789311405506], Velocity: [0.8487284726298936, 0.8331531363635354, -40.08951111857522]
Position: [3.003032301086026, 2.950477061374502, 25.03266680928976], Rotation: [-5.317707572406883, 7.704572500690933, 3.9019789311405506], Velocity: [0.8271312451557266, 0.8116458040019888, -40.2362976887624]
Position: [3.0113036135375832, 2.958593519414522, 24.62932283240214], Rotation: [-5.341290372406883, 7.730394980690933, 3.9019789311405506], Velocity: [0.8055340176815595, 0.7901384716404423, -40.38308425894958]
Position: [3.019358953714399, 2.9664949041309265, 24.224510989812643], Rotation: [-5.364873172406883, 7.756217460690934, 3.9019789311405506], Velocity: [0.7839367902073925, 0.7686311392788957, -40.52987082913676]
Position: [3.027198321616473, 2.9741812155237155, 23.818231281521275], Rotation: [-5.388455972406883, 7.782039940690934, 3.9019789311405506], Velocity: [0.7623395627332255, 0.7471238069173491, -40.67665739932394]
Position: [3.0348217172438052, 2.981652453592889, 23.410483707528034], Rotation: [-5.412038772406882, 7.807862420690935, 3.9019789311405506], Velocity: [0.7407423352590584, 0.7256164745558026, -40.823443969511125]
Position: [3.0422291405963957, 2.988908618338447, 23.001268267832923], Rotation: [-5.435621572406882, 7.833684900690935, 3.9019789311405506], Velocity: [0.7191451077848914, 0.704109142194256, -40.970230539698306]
Position: [3.0494205916742447, 2.9959497097603895, 22.59058496243594], Rotation: [-5.459204372406882, 7.8595073806909355, 3.9019789311405506], Velocity: [0.6975478803107243, 0.6826018098327095, -41.11701710988549]
Position: [3.056396070477352, 3.0027757278587166, 22.178433791337085], Rotation: [-5.482787172406882, 7.885329860690936, 3.9019789311405506], Velocity: [0.6759506528365573, 0.6610944774711629, -41.26380368007267]
Position: [3.0631555770057175, 3.009386672633428, 21.764814754536356], Rotation: [-5.5063699724068815, 7.911152340690936, 3.9019789311405506], Velocity: [0.6543534253623903, 0.6395871451096163, -41.41059025025985]
Position: [3.0696991112593413, 3.0157825440845243, 21.34972785203376], Rotation: [-5.529952772406881, 7.936974820690937, 3.9019789311405506], Velocity: [0.6327561978882232, 0.6180798127480698, -41.55737682044703]
Position: [3.0760266732382235, 3.021963342212005, 20.93317308382929], Rotation: [-5.553535572406881, 7.962797300690937, 3.9019789311405506], Velocity: [0.6111589704140562, 0.5965724803865232, -41.704163390634214]
Position: [3.082138262942364, 3.02792906701587, 20.515150449922945], Rotation: [-5.577118372406881, 7.988619780690938, 3.9019789311405506], Velocity: [0.5895617429398892, 0.5750651480249767, -41.850949960821396]
Position: [3.088033880371763, 3.0336797184961197, 20.095659950314733], Rotation: [-5.600695422406881, 7.972218150690938, 3.9019789311405506], Velocity: [0.5986184945601092, 0.5840945802663131, -41.94993850834068]
Position: [3.094020065317364, 3.0395206642987826, 19.675179565231325], Rotation: [-5.624272472406881, 7.955816520690938, 3.9019789311405506], Velocity: [0.6076752461803292, 0.5931240125076496, -42.04892705585996]
Position: [3.1000968177791672, 3.0454519044238593, 19.253709294672724], Rotation: [-5.647849522406881, 7.939414890690938, 3.9019789311405506], Velocity: [0.6167319978005492, 0.602153444748986, -42.147915603379246]
Position: [3.1062641377571727, 3.051473438871349, 18.83124913863893], Rotation: [-5.671426572406881, 7.923013260690938, 3.9019789311405506], Velocity: [0.6257887494207692, 0.6111828769903225, -42.24690415089853]
Position: [3.1125220252513803, 3.0575852676412523, 18.407799097129946], Rotation: [-5.695003622406881, 7.906611630690938, 3.9019789311405506], Velocity: [0.6348455010409892, 0.6202123092316589, -42.34589269841781]
Position: [3.11887048026179, 3.0637873907335686, 17.983359170145768], Rotation: [-5.7185806724068815, 7.890210000690939, 3.9019789311405506], Velocity: [0.6439022526612093, 0.6292417414729954, -42.4448812459371]
Position: [3.125309502788402, 3.0700798081482987, 17.557929357686398], Rotation: [-5.742157722406882, 7.873808370690939, 3.9019789311405506], Velocity: [0.6529590042814293, 0.6382711737143318, -42.54386979345638]
Position: [3.1318390928312163, 3.076462519885442, 17.131509659751835], Rotation: [-5.765734772406882, 7.857406740690939, 3.9019789311405506], Velocity: [0.6620157559016493, 0.6473006059556683, -42.642858340975664]
Position: [3.1384592503902327, 3.0829355259449986, 16.70410007634208], Rotation: [-5.789311822406882, 7.841005110690939, 3.9019789311405506], Velocity: [0.6710725075218693, 0.6563300381970048, -42.74184688849495]
Position: [3.145169975465451, 3.0894988263269685, 16.27570060745713], Rotation: [-5.812888872406882, 7.824603480690939, 3.9019789311405506], Velocity: [0.6801292591420893, 0.6653594704383412, -42.84083543601423]
Position: [3.151971268056872, 3.096152421031352, 15.846311253096987], Rotation: [-5.836465922406882, 7.808201850690939, 3.9019789311405506], Velocity: [0.6891860107623093, 0.6743889026796777, -42.939823983533515]
Position: [3.1588631281644948, 3.102896310058149, 15.415932013261651], Rotation: [-5.860042972406882, 7.79180022069094, 3.9019789311405506], Velocity: [0.6982427623825294, 0.6834183349210141, -43.0388125310528]
Position: [3.1658455557883203, 3.109730493407359, 14.984562887951123], Rotation: [-5.883620022406882, 7.77539859069094, 3.9019789311405506], Velocity: [0.7072995140027494, 0.6924477671623506, -43.13780107857208]
Position: [3.172918550928348, 3.116654971078982, 14.552203877165402], Rotation: [-5.907197072406882, 7.75899696069094, 3.9019789311405506], Velocity: [0.7163562656229694, 0.701477199403687, -43.236789626091365]
Position: [3.180082113584578, 3.123669743073019, 14.118854980904489], Rotation: [-5.930774122406882, 7.74259533069094, 3.9019789311405506], Velocity: [0.7254130172431894, 0.7105066316450235, -43.33577817361065]
Position: [3.18733624375701, 3.1307748093894694, 13.684516199168382], Rotation: [-5.9543511724068825, 7.72619370069094, 3.9019789311405506], Velocity: [0.7344697688634094, 0.7195360638863599, -43.43476672112993]
Position: [3.194680941445644, 3.137970170028333, 13.249187531957082], Rotation: [-5.977928222406883, 7.70979207069094, 3.9019789311405506], Velocity: [0.7435265204836294, 0.7285654961276964, -43.533755268649216]
Position: [3.2021162066504805, 3.1452558249896096, 12.81286897927059], Rotation: [-6.001505272406883, 7.693390440690941, 3.9019789311405506], Velocity: [0.7525832721038495, 0.7375949283690328, -43.6327438161685]
Position: [3.209642039371519, 3.1526317742733, 12.375560541108905], Rotation: [-6.025082322406883, 7.676988810690941, 3.9019789311405506], Velocity: [0.7616400237240695, 0.7466243606103693, -43.73173236368778]
Position: [3.21725843960876, 3.160098017879404, 11.937262217472027], Rotation: [-6.048659372406883, 7.660587180690941, 3.9019789311405506], Velocity: [0.7706967753442895, 0.7556537928517058, -43.83072091120707]
Position: [3.2249654073622027, 3.1676545558079208, 11.497974008359956], Rotation: [-6.072236422406883, 7.644185550690941, 3.9019789311405506], Velocity: [0.7797535269645095, 0.7646832250930422, -43.92970945872635]
Position: [3.232762942631848, 3.175301388058851, 11.057695913772692], Rotation: [-6.095813472406883, 7.627783920690941, 3.9019789311405506], Velocity: [0.7888102785847295, 0.7737126573343787, -44.028698006245634]
Position: [3.240651045417695, 3.183038514632195, 10.616427933710236], Rotation: [-6.119390522406883, 7.611382290690941, 3.9019789311405506], Velocity: [0.7978670302049495, 0.7827420895757151, -44.12768655376492]
Position: [3.2486297157197446, 3.190865935527952, 10.174170068172586], Rotation: [-6.142967572406883, 7.594980660690942, 3.9019789311405506], Velocity: [0.8069237818251696, 0.7917715218170516, -44.2266751012842]
Position: [3.256698953537996, 3.1987836507461225, 9.730922317159743], Rotation: [-6.166544622406883, 7.578579030690942, 3.9019789311405506], Velocity: [0.8159805334453896, 0.800800954058388, -44.325663648803484]
Position: [3.26485875887245, 3.206791660286706, 9.286684680671708], Rotation: [-6.1901216724068835, 7.562177400690942, 3.9019789311405506], Velocity: [0.8250372850656096, 0.8098303862997245, -44.42465219632277]
Position: [3.273109131723106, 3.2148899641497035, 8.841457158708481], Rotation: [-6.213698722406884, 7.545775770690942, 3.9019789311405506], Velocity: [0.8340940366858296, 0.8188598185410609, -44.52364074384205]
Position: [3.281450072089964, 3.223078562335114, 8.395239751270061], Rotation: [-6.237275772406884, 7.529374140690942, 3.9019789311405506], Velocity: [0.8431507883060496, 0.8278892507823974, -44.622629291361335]
Position: [3.2898815799730246, 3.231357454842938, 7.948032458356448], Rotation: [-6.260852822406884, 7.512972510690942, 3.9019789311405506], Velocity: [0.8522075399262696, 0.8369186830237338, -44.72161783888062]
Position: [3.298403655372287, 3.239726641673175, 7.499835279967642], Rotation: [-6.284429872406884, 7.496570880690943, 3.9019789311405506], Velocity: [0.8612642915464896, 0.8459481152650703, -44.8206063863999]
Position: [3.307016298287752, 3.248186122825826, 7.050648216103643], Rotation: [-6.308006922406884, 7.480169250690943, 3.9019789311405506], Velocity: [0.8703210431667097, 0.8549775475064068, -44.919594933919186]
Position: [3.3157195087194187, 3.25673589830089, 6.600471266764451], Rotation: [-6.331578212406884, 7.484379200690943, 3.9019789311405506], Velocity: [0.8511436483149376, 0.8358359621279036, -44.95718209481587]
Position: [3.3242309452025682, 3.265094257922169, 6.149918445816293], Rotation: [-6.355149502406883, 7.4885891506909426, 3.9019789311405506], Velocity: [0.8319662534631656, 0.8166943767494004, -44.994769255712555]
Position: [3.3325506077372, 3.273261201689663, 5.698989753259167], Rotation: [-6.378720792406883, 7.4927991006909425, 3.9019789311405506], Velocity: [0.8127888586113935, 0.7975527913708972, -45.03235641660924]
Position: [3.340678496323314, 3.2812367296033718, 5.247685189093074], Rotation: [-6.402292082406882, 7.497009050690942, 3.9019789311405506], Velocity: [0.7936114637596214, 0.778411205992394, -45.069943577505924]
Position: [3.3486146109609103, 3.289020841663296, 4.796004753318015], Rotation: [-6.425863372406882, 7.501219000690942, 3.9019789311405506], Velocity: [0.7744340689078494, 0.7592696206138908, -45.10753073840261]
Position: [3.3563589516499888, 3.2966135378694346, 4.3439484459339885], Rotation: [-6.4494346624068815, 7.505428950690942, 3.9019789311405506], Velocity: [0.7552566740560773, 0.7401280352353876, -45.145117899299294]
Position: [3.3639115183905495, 3.3040148182217886, 3.8915162669409957], Rotation: [-6.473005952406881, 7.509638900690942, 3.9019789311405506], Velocity: [0.7360792792043053, 0.7209864498568844, -45.18270506019598]
Position: [3.3712723111825924, 3.3112246827203573, 3.4387082163390357], Rotation: [-6.496577242406881, 7.513848850690942, 3.9019789311405506], Velocity: [0.7169018843525332, 0.7018448644783812, -45.22029222109266]
Position: [3.3784413300261176, 3.3182431313651413, 2.985524294128109], Rotation: [-6.52014853240688, 7.518058800690942, 3.9019789311405506], Velocity: [0.6977244895007612, 0.682703279099878, -45.25787938198935]
Position: [3.385418574921125, 3.32507016415614, 2.531964500308215], Rotation: [-6.54371982240688, 7.522268750690942, 3.9019789311405506], Velocity: [0.6785470946489891, 0.6635616937213749, -45.29546654288603]
Position: [3.392204045867615, 3.331705781093354, 2.0780288348793547], Rotation: [-6.567291112406879, 7.526478700690942, 3.9019789311405506], Velocity: [0.659369699797217, 0.6444201083428717, -45.33305370378272]
Position: [3.3987977428655873, 3.3381499821767826, 1.6237172978415275], Rotation: [-6.590862402406879, 7.530688650690942, 3.9019789311405506], Velocity: [0.640192304945445, 0.6252785229643685, -45.3706408646794]
Position: [3.405199665915042, 3.3444027674064265, 1.1690298891947335], Rotation: [-6.6144336924068785, 7.5348986006909415, 3.9019789311405506], Velocity: [0.6210149100936729, 0.6061369375858653, -45.408228025576086]
Position: [3.4114098150159786, 3.350464136782285, 0.7139666089389727], Rotation: [-6.638004982406878, 7.539108550690941, 3.9019789311405506], Velocity: [0.6018375152419009, 0.5869953522073621, -45.44581518647277]
Position: [3.4174281901683976, 3.3563340903043586, 0.25852745707424496], Rotation: [-6.661576272406878, 7.543318500690941, 3.9019789311405506], Velocity: [0.5826601203901288, 0.5678537668288589, -45.483402347369456]
Position: [3.423254791372299, 3.362012627972647, -0.1972875663994496], Rotation: [-6.685147562406877, 7.547528450690941, 3.9019789311405506], Velocity: [0.5634827255383568, 0.5487121814503557, -45.52098950826614]
