Position: [0.0, 0.0, 99.999019], Rotation: [5.700189478639199, 6.095208528789722, 5.240775585391428], Velocity: [0.01584440899364501, 0.016401725736696914, -0.13994913681249949]
Position: [0.00015844408993645012, 0.00016401725736696915, 99.99663850863188], Rotation: [5.676800348639199, 6.068782028789721, 5.240775585391428], Velocity: [0.03168881798729002, 0.03280345147339383, -0.27989827362499897]
Position: [0.0004753322698093504, 0.0004920517721009075, 99.99285852589563], Rotation: [5.653411218639199, 6.042355528789721, 5.240775585391428], Velocity: [0.04753322698093503, 0.04920517721009074, -0.41984741043749846]
Position: [0.0009506645396187008, 0.0009841035442018147, 99.98767905179125], Rotation: [5.630022088639199, 6.015929028789721, 5.240775585391428], Velocity: [0.06337763597458004, 0.06560690294678766, -0.5597965472499979]
Position: [0.0015844408993645012, 0.0016401725736696912, 99.98110008631875], Rotation: [5.606632958639199, 5.98950252878972, 5.240775585391428], Velocity: [0.07922204496822505, 0.08200862868348457, -0.6997456840624974]
Position: [0.0023766613490467515, 0.002460258860504537, 99.97312162947813], Rotation: [5.583243828639199, 5.96307602878972, 5.240775585391428], Velocity: [0.09506645396187005, 0.09841035442018149, -0.8396948208749968]
Position: [0.003327325888665452, 0.003444362404706352, 99.96374368126938], Rotation: [5.5598546986391995, 5.93664952878972, 5.240775585391428], Velocity: [0.11091086295551505, 0.11481208015687841, -0.9796439576874962]
Position: [0.004436434518220602, 0.004592483206275136, 99.95296624169251], Rotation: [5.5364655686391995, 5.910223028789719, 5.240775585391428], Velocity: [0.12675527194916006, 0.1312138058935753, -1.1195930944999957]
Position: [0.005703987237712203, 0.005904621265210889, 99.9407893107475], Rotation: [5.5130764386391995, 5.883796528789719, 5.240775585391428], Velocity: [0.14259968094280506, 0.14761553163027222, -1.259542231312495]
Position: [0.007129984047140254, 0.007380776581513612, 99.92721288843438], Rotation: [5.4896873086391995, 5.857370028789719, 5.240775585391428], Velocity: [0.15844408993645007, 0.16401725736696912, -1.3994913681249945]
Position: [0.008714424946504755, 0.009020949155183304, 99.91223697475313], Rotation: [5.4662981786391995, 5.830943528789718, 5.240775585391428], Velocity: [0.17428849893009507, 0.18041898310366603, -1.539440504937494]
Position: [0.010457309935805705, 0.010825138986219965, 99.89586156970375], Rotation: [5.4429090486391996, 5.804517028789718, 5.240775585391428], Velocity: [0.19013290792374007, 0.19682070884036293, -1.6793896417499934]
Position: [0.012358639015043107, 0.012793346074623594, 99.87808667328625], Rotation: [5.419525678639199, 5.798702108789718, 5.240775585391428], Velocity: [0.19129187392184885, 0.1980218244531496, -1.774950332016726]
Position: [0.014271557754261595, 0.01477356431915509, 99.85935616996608], Rotation: [5.396142308639199, 5.792887188789718, 5.240775585391428], Velocity: [0.19245083991995762, 0.19922294006593624, -1.8705110222834584]
Position: [0.01619606615346117, 0.016765793719814452, 99.83967005974324], Rotation: [5.3727589386391985, 5.787072268789719, 5.240775585391428], Velocity: [0.1936098059180664, 0.2004240556787229, -1.966071712550191]
Position: [0.018132164212641834, 0.01877003427660168, 99.81902834261774], Rotation: [5.349375568639198, 5.781257348789719, 5.240775585391428], Velocity: [0.19476877191617517, 0.20162517129150956, -2.0616324028169233]
Position: [0.020079851931803585, 0.020786285989516776, 99.79743101858958], Rotation: [5.325992198639198, 5.775442428789719, 5.240775585391428], Velocity: [0.19592773791428394, 0.20282628690429622, -2.157193093083656]
Position: [0.022039129310946426, 0.022814548858559738, 99.77487808765873], Rotation: [5.3026088286391975, 5.7696275087897195, 5.240775585391428], Velocity: [0.19708670391239272, 0.20402740251708287, -2.2527537833503883]
Position: [0.024009996350070353, 0.024854822883730567, 99.75136954982523], Rotation: [5.279225458639197, 5.76381258878972, 5.240775585391428], Velocity: [0.1982456699105015, 0.20522851812986953, -2.348314473617121]
Position: [0.025992453049175367, 0.026907108065029262, 99.72690540508906], Rotation: [5.255842088639197, 5.75799766878972, 5.240775585391428], Velocity: [0.19940463590861027, 0.2064296337426562, -2.4438751638838534]
Position: [0.02798649940826147, 0.028971404402455825, 99.70148565345022], Rotation: [5.232458718639196, 5.75218274878972, 5.240775585391428], Velocity: [0.20056360190671904, 0.20763074935544285, -2.539435854150586]
Position: [0.02999213542732866, 0.031047711896010254, 99.67511029490872], Rotation: [5.209075348639196, 5.746367828789721, 5.240775585391428], Velocity: [0.20172256790482782, 0.2088318649682295, -2.6349965444173185]
Position: [0.03200936110637694, 0.03313603054569255, 99.64777932946454], Rotation: [5.185691978639196, 5.740552908789721, 5.240775585391428], Velocity: [0.2028815339029366, 0.21003298058101616, -2.730557234684051]
Position: [0.034038176445406305, 0.03523636035150271, 99.6194927571177], Rotation: [5.162308608639195, 5.734737988789721, 5.240775585391428], Velocity: [0.20404049990104536, 0.21123409619380282, -2.8261179249507835]
Position: [0.03607858144441676, 0.03734870131344074, 99.59025057786819], Rotation: [5.138925238639195, 5.7289230687897215, 5.240775585391428], Velocity: [0.20519946589915414, 0.21243521180658947, -2.921678615217516]
Position: [0.0381305761034083, 0.03947305343150663, 99.56005279171602], Rotation: [5.115541868639195, 5.723108148789722, 5.240775585391428], Velocity: [0.2063584318972629, 0.21363632741937613, -3.0172393054842486]
Position: [0.04019416042238093, 0.04160941670570039, 99.52889939866118], Rotation: [5.092158498639194, 5.717293228789722, 5.240775585391428], Velocity: [0.20751739789537169, 0.2148374430321628, -3.112799995750981]
Position: [0.042269334401334645, 0.04375779113602202, 99.49679039870367], Rotation: [5.068775128639194, 5.711478308789722, 5.240775585391428], Velocity: [0.20867636389348046, 0.21603855864494945, -3.2083606860177136]
Position: [0.04435609804026945, 0.04591817672247151, 99.46372579184349], Rotation: [5.045391758639194, 5.705663388789723, 5.240775585391428], Velocity: [0.20983532989158923, 0.2172396742577361, -3.303921376284446]
Position: [0.04645445133918534, 0.04809057346504887, 99.42970557808064], Rotation: [5.022008388639193, 5.699848468789723, 5.240775585391428], Velocity: [0.210994295889698, 0.21844078987052276, -3.3994820665511787]
Position: [0.04856439429808232, 0.0502749813637541, 99.39472975741513], Rotation: [4.998625018639193, 5.694033548789723, 5.240775585391428], Velocity: [0.21215326188780678, 0.21964190548330942, -3.495042756817911]
Position: [0.05068592691696039, 0.052471400418587194, 99.35879832984696], Rotation: [4.975241648639193, 5.688218628789723, 5.240775585391428], Velocity: [0.21331222788591556, 0.22084302109609608, -3.5906034470846437]
Position: [0.05281904919581955, 0.054679830629548155, 99.32191129537611], Rotation: [4.951858278639192, 5.682403708789724, 5.240775585391428], Velocity: [0.21447119388402433, 0.22204413670888273, -3.6861641373513763]
Position: [0.05496376113465979, 0.056900271996636984, 99.2840686540026], Rotation: [4.928474908639192, 5.676588788789724, 5.240775585391428], Velocity: [0.2156301598821331, 0.2232452523216694, -3.781724827618109]
Position: [0.05712006273348112, 0.05913272451985368, 99.24527040572642], Rotation: [4.905091538639192, 5.670773868789724, 5.240775585391428], Velocity: [0.21678912588024188, 0.22444636793445605, -3.8772855178848413]
Position: [0.05928795399228354, 0.06137718819919824, 99.20551655054757], Rotation: [4.881708168639191, 5.6649589487897245, 5.240775585391428], Velocity: [0.21794809187835065, 0.2256474835472427, -3.972846208151574]
Position: [0.06146743491106704, 0.06363366303467066, 99.16480708846606], Rotation: [4.858324798639191, 5.659144028789725, 5.240775585391428], Velocity: [0.21910705787645943, 0.22684859916002936, -4.068406898418306]
Position: [0.06365850548983164, 0.06590214902627095, 99.12314201948188], Rotation: [4.8349414286391905, 5.653329108789725, 5.240775585391428], Velocity: [0.2202660238745682, 0.22804971477281602, -4.163967588685039]
Position: [0.06586116572857732, 0.0681826461739991, 99.08052134359502], Rotation: [4.81155805863919, 5.647514188789725, 5.240775585391428], Velocity: [0.22142498987267697, 0.22925083038560268, -4.259528278951771]
Position: [0.0680754156273041, 0.07047515447785513, 99.03694506080551], Rotation: [4.78817468863919, 5.641699268789726, 5.240775585391428], Velocity: [0.22258395587078575, 0.23045194599838933, -4.355088969218504]
Position: [0.07030125518601195, 0.07277967393783902, 98.99241317111333], Rotation: [4.7647913186391895, 5.635884348789726, 5.240775585391428], Velocity: [0.22374292186889452, 0.231653061611176, -4.4506496594852365]
Position: [0.07253868440470089, 0.07509620455395077, 98.94692567451847], Rotation: [4.741407948639189, 5.630069428789726, 5.240775585391428], Velocity: [0.2249018878670033, 0.23285417722396265, -4.546210349751969]
Position: [0.07478770328337092, 0.0774247463261904, 98.90048257102094], Rotation: [4.718024578639189, 5.624254508789726, 5.240775585391428], Velocity: [0.22606085386511207, 0.2340552928367493, -4.6417710400187016]
Position: [0.07704831182202204, 0.07976529925455789, 98.85308386062076], Rotation: [4.694646958639189, 5.639049248789727, 5.240775585391428], Velocity: [0.1869991699202338, 0.19352639001226563, -4.734716295823588]
Position: [0.07891830352122438, 0.08170056315468054, 98.80475569766251], Rotation: [4.671269338639189, 5.653843988789727, 5.240775585391428], Velocity: [0.1479374859753555, 0.15299748718778194, -4.827661551628475]
Position: [0.08039767838097793, 0.08323053802655836, 98.75549808214623], Rotation: [4.6478917186391895, 5.668638728789727, 5.240775585391428], Velocity: [0.10887580203047721, 0.11246858436329826, -4.920606807433362]
Position: [0.0814864364012827, 0.08435522387019134, 98.7053110140719], Rotation: [4.62451409863919, 5.683433468789727, 5.240775585391428], Velocity: [0.06981411808559893, 0.07193968153881458, -5.013552063238249]
Position: [0.08218457758213868, 0.08507462068557949, 98.65419449343952], Rotation: [4.60113647863919, 5.698228208789727, 5.240775585391428], Velocity: [0.03075243414072064, 0.03141077871433091, -5.106497319043136]
Position: [0.08249210192354589, 0.08538872847272279, 98.60214852024909], Rotation: [4.57775885863919, 5.713022948789727, 5.240775585391428], Velocity: [-0.008309249804157648, -0.009118124110152767, -5.199442574848023]
Position: [0.08240900942550432, 0.08529754723162127, 98.5491730945006], Rotation: [4.55438123863919, 5.727817688789727, 5.240775585391428], Velocity: [-0.047370933749035934, -0.04964702693463644, -5.29238783065291]
Position: [0.08193530008801396, 0.0848010769622749, 98.49526821619408], Rotation: [4.531003618639191, 5.7426124287897276, 5.240775585391428], Velocity: [-0.08643261769391422, -0.09017592975912012, -5.385333086457797]
Position: [0.08107097391107482, 0.0838993176646837, 98.4404338853295], Rotation: [4.507625998639191, 5.757407168789728, 5.240775585391428], Velocity: [-0.1254943016387925, -0.1307048325836038, -5.4782783422626835]
Position: [0.07981603089468689, 0.08259226933884765, 98.38467010190688], Rotation: [4.484248378639191, 5.772201908789728, 5.240775585391428], Velocity: [-0.1645559855836708, -0.17123373540808748, -5.57122359806757]
Position: [0.07817047103885018, 0.08087993198476678, 98.3279768659262], Rotation: [4.460870758639191, 5.786996648789728, 5.240775585391428], Velocity: [-0.2036176695285491, -0.21176263823257116, -5.664168853872457]
Position: [0.07613429434356468, 0.07876230560244107, 98.27035417738747], Rotation: [4.437493138639192, 5.801791388789728, 5.240775585391428], Velocity: [-0.2426793534734274, -0.2522915410570548, -5.757114109677344]
Position: [0.07370750080883041, 0.07623939019187052, 98.2118020362907], Rotation: [4.414115518639192, 5.816586128789728, 5.240775585391428], Velocity: [-0.2817410374183057, -0.2928204438815385, -5.850059365482231]
Position: [0.07089009043464736, 0.07331118575305513, 98.15232044263588], Rotation: [4.390737898639192, 5.831380868789728, 5.240775585391428], Velocity: [-0.320802721363184, -0.3333493467060222, -5.943004621287118]
Position: [0.06768206322101553, 0.06997769228599492, 98.091909396423], Rotation: [4.367360278639192, 5.8461756087897285, 5.240775585391428], Velocity: [-0.3598644053080623, -0.37387824953050586, -6.035949877092005]
Position: [0.0640834191679349, 0.06623890979068986, 98.03056889765209], Rotation: [4.3439826586391925, 5.860970348789729, 5.240775585391428], Velocity: [-0.3989260892529406, -0.41440715235498954, -6.128895132896892]
Position: [0.0600941582754055, 0.06209483826713996, 97.96829894632312], Rotation: [4.320605038639193, 5.875765088789729, 5.240775585391428], Velocity: [-0.4379877731978189, -0.4549360551794732, -6.221840388701779]
Position: [0.05571428054342731, 0.05754547771534523, 97.9050995424361], Rotation: [4.297227418639193, 5.890559828789729, 5.240775585391428], Velocity: [-0.4770494571426972, -0.4954649580039569, -6.3147856445066655]
Position: [0.05094378597200033, 0.05259082813530566, 97.84097068599104], Rotation: [4.273849798639193, 5.905354568789729, 5.240775585391428], Velocity: [-0.5161111410875755, -0.5359938608284406, -6.407730900311552]
Position: [0.04578267456112458, 0.04723088952702126, 97.77591237698792], Rotation: [4.2504721786391935, 5.920149308789729, 5.240775585391428], Velocity: [-0.5551728250324538, -0.5765227636529242, -6.500676156116439]
Position: [0.04023094631080004, 0.041465661890492014, 97.70992461542676], Rotation: [4.227094558639194, 5.934944048789729, 5.240775585391428], Velocity: [-0.5942345089773321, -0.6170516664774078, -6.593621411921326]
Position: [0.03428860122102672, 0.03529514522571794, 97.64300740130754], Rotation: [4.203716938639194, 5.9497387887897295, 5.240775585391428], Velocity: [-0.6332961929222104, -0.6575805693018915, -6.686566667726213]
Position: [0.027955639291804616, 0.028719339532699024, 97.57516073463029], Rotation: [4.180339318639194, 5.96453352878973, 5.240775585391428], Velocity: [-0.6723578768670887, -0.6981094721263751, -6.7795119235311]
Position: [0.021232060523133728, 0.021738244811435273, 97.50638461539498], Rotation: [4.156961698639194, 5.97932826878973, 5.240775585391428], Velocity: [-0.711419560811967, -0.7386383749508587, -6.872457179335987]
Position: [0.014117864915014058, 0.014351861061926686, 97.43667904360161], Rotation: [4.133584078639195, 5.99412300878973, 5.240775585391428], Velocity: [-0.7504812447568453, -0.7791672777753423, -6.965402435140874]
Position: [0.006613052467445605, 0.006560188284173263, 97.36604401925021], Rotation: [4.110206458639195, 6.00891774878973, 5.240775585391428], Velocity: [-0.7895429287017236, -0.819696180599826, -7.0583476909457605]
Position: [-0.0012823768195716302, -0.0016367735218249975, 97.29447954234075], Rotation: [4.086828838639195, 6.02371248878973, 5.240775585391428], Velocity: [-0.8286046126466019, -0.8602250834243096, -7.151292946750647]
Position: [-0.009568422946037651, -0.010239024356068093, 97.22198561287324], Rotation: [4.063451218639195, 6.03850722878973, 5.240775585391428], Velocity: [-0.8676662965914802, -0.9007539862487932, -7.244238202555534]
Position: [-0.018245085911952452, -0.019246564218556025, 97.14856223084769], Rotation: [4.040073598639196, 6.0533019687897305, 5.240775585391428], Velocity: [-0.9067279805363585, -0.9412828890732768, -7.337183458360421]
Position: [-0.027312365717316038, -0.02865939310928879, 97.07420939626408], Rotation: [4.016695978639196, 6.068096708789731, 5.240775585391428], Velocity: [-0.9457896644812368, -0.9818117918977605, -7.430128714165308]
Position: [-0.03677026236212841, -0.038477511028266395, 96.99892710912243], Rotation: [3.9933183586391956, 6.082891448789731, 5.240775585391428], Velocity: [-0.9848513484261151, -1.0223406947222442, -7.523073969970195]
Position: [-0.04661877584638956, -0.04870091797548884, 96.92271536942273], Rotation: [3.9699407386391954, 6.097686188789731, 5.240775585391428], Velocity: [-1.0239130323709933, -1.062869597546728, -7.616019225775082]
Position: [-0.05685790617009949, -0.05932961395095612, 96.84557417716498], Rotation: [3.946570788639195, 6.070258738789731, 5.240775585391428], Velocity: [-1.0207075340644023, -1.059538586163855, -7.7250885480812945]
Position: [-0.06706498151074351, -0.06992499981259467, 96.76734229168416], Rotation: [3.923200838639195, 6.04283128878973, 5.240775585391428], Velocity: [-1.0175020357578113, -1.0562075747809823, -7.834157870387507]
Position: [-0.07724000186832163, -0.08048707556040449, 96.68801971298028], Rotation: [3.899830888639195, 6.01540383878973, 5.240775585391428], Velocity: [-1.0142965374512203, -1.0528765633981094, -7.94322719269372]
Position: [-0.08738296724283383, -0.09101584119438559, 96.60760644105333], Rotation: [3.8764609386391946, 5.98797638878973, 5.240775585391428], Velocity: [-1.0110910391446293, -1.0495455520152366, -8.052296514999933]
Position: [-0.09749387763428012, -0.10151129671453796, 96.52610247590333], Rotation: [3.8530909886391944, 5.96054893878973, 5.240775585391428], Velocity: [-1.0078855408380383, -1.0462145406323637, -8.161365837306144]
Position: [-0.1075727330426605, -0.11197344212086159, 96.44350781753026], Rotation: [3.829721038639194, 5.9331214887897294, 5.240775585391428], Velocity: [-1.0046800425314473, -1.042883529249491, -8.270435159612356]
Position: [-0.11761953346797498, -0.1224022774133565, 96.35982246593414], Rotation: [3.806351088639194, 5.905694038789729, 5.240775585391428], Velocity: [-1.0014745442248563, -1.039552517866618, -8.379504481918568]
Position: [-0.12763427891022355, -0.13279780259202267, 96.27504642111496], Rotation: [3.782981138639194, 5.878266588789729, 5.240775585391428], Velocity: [-0.9982690459182652, -1.0362215064837452, -8.48857380422478]
Position: [-0.1376169693694062, -0.14316001765686012, 96.18917968307272], Rotation: [3.7596111886391936, 5.850839138789729, 5.240775585391428], Velocity: [-0.995063547611674, -1.0328904951008724, -8.597643126530992]
Position: [-0.14756760484552295, -0.15348892260786884, 96.10222225180742], Rotation: [3.7362412386391934, 5.8234116887897285, 5.240775585391428], Velocity: [-0.9918580493050829, -1.0295594837179995, -8.706712448837203]
Position: [-0.15748618533857378, -0.16378451744504882, 96.01417412731905], Rotation: [3.7128712886391932, 5.795984238789728, 5.240775585391428], Velocity: [-0.9886525509984918, -1.0262284723351267, -8.815781771143415]
Position: [-0.1673727108485587, -0.1740468021684001, 95.92503530960762], Rotation: [3.689501338639193, 5.768556788789728, 5.240775585391428], Velocity: [-0.9854470526919007, -1.0228974609522539, -8.924851093449627]
Position: [-0.17722718137547772, -0.18427577677792265, 95.83480579867313], Rotation: [3.666131388639193, 5.741129338789728, 5.240775585391428], Velocity: [-0.9822415543853096, -1.019566449569381, -9.033920415755839]
Position: [-0.18704959691933082, -0.19447144127361646, 95.74348559451558], Rotation: [3.6427614386391927, 5.7137018887897275, 5.240775585391428], Velocity: [-0.9790360560787185, -1.0162354381865082, -9.14298973806205]
Position: [-0.196839957480118, -0.20463379565548154, 95.65107469713496], Rotation: [3.6193914886391925, 5.686274438789727, 5.240775585391428], Velocity: [-0.9758305577721273, -1.0129044268036353, -9.252059060368262]
Position: [-0.2065982630578393, -0.21476283992351788, 95.55757310653128], Rotation: [3.5960215386391923, 5.658846988789727, 5.240775585391428], Velocity: [-0.9726250594655362, -1.0095734154207625, -9.361128382674474]
Position: [-0.21632451365249467, -0.2248585740777255, 95.46298082270454], Rotation: [3.572651588639192, 5.631419538789727, 5.240775585391428], Velocity: [-0.9694195611589451, -1.0062424040378897, -9.470197704980686]
Position: [-0.22601870926408413, -0.2349209981181044, 95.36729784565473], Rotation: [3.549281638639192, 5.6039920887897265, 5.240775585391428], Velocity: [-0.966214062852354, -1.0029113926550168, -9.579267027286898]
Position: [-0.23568084989260768, -0.24495011204465458, 95.27052417538187], Rotation: [3.5259116886391917, 5.576564638789726, 5.240775585391428], Velocity: [-0.9630085645457629, -0.9995803812721439, -9.68833634959311]
Position: [-0.24531093553806532, -0.254945915857376, 95.17265981188594], Rotation: [3.5025417386391915, 5.549137188789726, 5.240775585391428], Velocity: [-0.9598030662391718, -0.9962493698892709, -9.797405671899321]
Position: [-0.25490896620045705, -0.2649084095562687, 95.07370475516694], Rotation: [3.4791717886391913, 5.521709738789726, 5.240775585391428], Velocity: [-0.9565975679325807, -0.992918358506398, -9.906474994205533]
Position: [-0.2644749418797829, -0.2748375931413327, 94.97365900522489], Rotation: [3.455801838639191, 5.494282288789726, 5.240775585391428], Velocity: [-0.9533920696259895, -0.989587347123525, -10.015544316511745]
Position: [-0.2740088625760428, -0.284733466612568, 94.87252256205977], Rotation: [3.432431888639191, 5.466854838789725, 5.240775585391428], Velocity: [-0.9501865713193984, -0.9862563357406521, -10.124613638817957]
Position: [-0.2835107282892368, -0.2945960299699745, 94.77029542567159], Rotation: [3.4090619386391907, 5.439427388789725, 5.240775585391428], Velocity: [-0.9469810730128073, -0.9829253243577791, -10.233682961124169]
Position: [-0.2929805390193649, -0.30442528321355233, 94.66697759606035], Rotation: [3.3856919886391905, 5.411999938789725, 5.240775585391428], Velocity: [-0.9437755747062162, -0.9795943129749062, -10.34275228343038]
Position: [-0.30241829476642706, -0.3142212263433014, 94.56256907322604], Rotation: [3.3623220386391903, 5.384572488789725, 5.240775585391428], Velocity: [-0.9405700763996251, -0.9762633015920332, -10.451821605736592]
Position: [-0.31182399553042334, -0.32398385935922175, 94.45706985716868], Rotation: [3.33895208863919, 5.357145038789724, 5.240775585391428], Velocity: [-0.937364578093034, -0.9729322902091603, -10.560890928042804]
Position: [-0.3211976413113537, -0.33371318226131336, 94.35047994788825], Rotation: [3.31558213863919, 5.329717588789724, 5.240775585391428], Velocity: [-0.9341590797864429, -0.9696012788262873, -10.669960250349016]
Position: [-0.33053923210921815, -0.34340919504957623, 94.24279934538475], Rotation: [3.2922121886391897, 5.302290138789724, 5.240775585391428], Velocity: [-0.9309535814798517, -0.9662702674434144, -10.779029572655228]
Position: [-0.3398487679240167, -0.3530718977240104, 94.1340280496582], Rotation: [3.2688422386391895, 5.274862688789724, 5.240775585391428], Velocity: [-0.9277480831732606, -0.9629392560605414, -10.88809889496144]
Position: [-0.3491262487557493, -0.3627012902846158, 94.02416606070858], Rotation: [3.2454722886391894, 5.247435238789723, 5.240775585391428], Velocity: [-0.9245425848666695, -0.9596082446776685, -10.997168217267651]
Position: [-0.35837167460441605, -0.37229737273139246, 93.9132133785359], Rotation: [3.222102338639189, 5.220007788789723, 5.240775585391428], Velocity: [-0.9213370865600784, -0.9562772332947955, -11.106237539573863]
Position: [-0.3675850454700168, -0.3818601450643404, 93.80117000314016], Rotation: [3.198738138639189, 5.213189998789723, 5.240775585391428], Velocity: [-0.8927828113607881, -0.926570730727717, -11.153568389054358]
Position: [-0.3765128735836247, -0.39112585237161757, 93.68865331924961], Rotation: [3.175373938639189, 5.206372208789722, 5.240775585391428], Velocity: [-0.8642285361614978, -0.8968642281606385, -11.200899238534854]
Position: [-0.38515515894523966, -0.40009449465322394, 93.57566332686426], Rotation: [3.152009738639189, 5.199554418789722, 5.240775585391428], Velocity: [-0.8356742609622074, -0.86715772559356, -11.24823008801535]
Position: [-0.3935119015548617, -0.40876607190915953, 93.4622000259841], Rotation: [3.128645538639189, 5.192736628789722, 5.240775585391428], Velocity: [-0.8071199857629171, -0.8374512230264815, -11.295560937495845]
Position: [-0.4015831014124909, -0.41714058413942434, 93.34826341660914], Rotation: [3.105281338639189, 5.185918838789721, 5.240775585391428], Velocity: [-0.7785657105636268, -0.8077447204594029, -11.34289178697634]
Position: [-0.40936875851812715, -0.42521803134401837, 93.23385349873938], Rotation: [3.081917138639189, 5.179101048789721, 5.240775585391428], Velocity: [-0.7500114353643365, -0.7780382178923244, -11.390222636456835]
Position: [-0.4168688728717705, -0.4329984135229416, 93.11897027237481], Rotation: [3.0585529386391888, 5.1722832587897205, 5.240775585391428], Velocity: [-0.7214571601650461, -0.7483317153252459, -11.43755348593733]
Position: [-0.42408344447342095, -0.44048173067619406, 93.00361373751544], Rotation: [3.0351887386391887, 5.16546546878972, 5.240775585391428], Velocity: [-0.6929028849657558, -0.7186252127581674, -11.484884335417826]
Position: [-0.4310124733230785, -0.44766798280377573, 92.88778389416126], Rotation: [3.0118245386391886, 5.15864767878972, 5.240775585391428], Velocity: [-0.6643486097664655, -0.6889187101910889, -11.532215184898321]
Position: [-0.43765595942074315, -0.4545571699056866, 92.77148074231228], Rotation: [2.9884603386391886, 5.151829888789719, 5.240775585391428], Velocity: [-0.6357943345671752, -0.6592122076240103, -11.579546034378817]
Position: [-0.4440139027664149, -0.4611492919819267, 92.65470428196849], Rotation: [2.9650961386391885, 5.145012098789719, 5.240775585391428], Velocity: [-0.6072400593678848, -0.6295057050569318, -11.626876883859312]
Position: [-0.45008630336009375, -0.46744434903249604, 92.5374545131299], Rotation: [2.9417319386391885, 5.138194308789719, 5.240775585391428], Velocity: [-0.5786857841685945, -0.5997992024898533, -11.674207733339808]
Position: [-0.4558731612017797, -0.4734423410573946, 92.4197314357965], Rotation: [2.9183677386391884, 5.131376518789718, 5.240775585391428], Velocity: [-0.5501315089693042, -0.5700926999227748, -11.721538582820303]
Position: [-0.4613744762914727, -0.47914326805662233, 92.30153504996831], Rotation: [2.8950035386391884, 5.124558728789718, 5.240775585391428], Velocity: [-0.5215772337700139, -0.5403861973556963, -11.768869432300798]
Position: [-0.46659024862917287, -0.4845471300301793, 92.1828653556453], Rotation: [2.8716393386391883, 5.1177409387897175, 5.240775585391428], Velocity: [-0.49302295857072354, -0.5106796947886177, -11.816200281781294]
Position: [-0.4715204782148801, -0.4896539269780655, 92.0637223528275], Rotation: [2.8482751386391882, 5.110923148789717, 5.240775585391428], Velocity: [-0.4644686833714332, -0.4809731922215392, -11.863531131261789]
Position: [-0.4761651650485944, -0.4944636589002809, 91.94410604151489], Rotation: [2.824910938639188, 5.104105358789717, 5.240775585391428], Velocity: [-0.4359144081721429, -0.4512666896544607, -11.910861980742284]
Position: [-0.48052430913031585, -0.4989763257968255, 91.82401642170747], Rotation: [2.801546738639188, 5.097287568789716, 5.240775585391428], Velocity: [-0.40736013297285256, -0.4215601870873822, -11.95819283022278]
Position: [-0.48459791046004436, -0.5031919276676993, 91.70345349340523], Rotation: [2.778182538639188, 5.090469778789716, 5.240775585391428], Velocity: [-0.37880585777356224, -0.39185368452030367, -12.005523679703275]
Position: [-0.48838596903778, -0.5071104645129023, 91.5824172566082], Rotation: [2.754818338639188, 5.083651988789716, 5.240775585391428], Velocity: [-0.3502515825742719, -0.36214718195322515, -12.05285452918377]
Position: [-0.4918884848635227, -0.5107319363324345, 91.46090771131635], Rotation: [2.731454138639188, 5.076834198789715, 5.240775585391428], Velocity: [-0.3216973073749816, -0.33244067938614663, -12.100185378664266]
Position: [-0.4951054579372725, -0.514056343126296, 91.3389248575297], Rotation: [2.708089938639188, 5.070016408789715, 5.240775585391428], Velocity: [-0.29314303217569126, -0.3027341768190681, -12.147516228144761]
Position: [-0.4980368882590294, -0.5170836848944866, 91.21646869524825], Rotation: [2.684725738639188, 5.0631986187897144, 5.240775585391428], Velocity: [-0.26458875697640094, -0.2730276742519896, -12.194847077625257]
Position: [-0.5006827758287934, -0.5198139616370065, 91.093539224472], Rotation: [2.661361538639188, 5.056380828789714, 5.240775585391428], Velocity: [-0.23603448177711064, -0.2433211716849111, -12.242177927105752]
Position: [-0.5030431206465645, -0.5222471733538556, 90.97013644520094], Rotation: [2.6379973386391877, 5.049563038789714, 5.240775585391428], Velocity: [-0.20748020657782035, -0.2136146691178326, -12.289508776586247]
Position: [-0.5051179227123428, -0.524383320045034, 90.84626035743507], Rotation: [2.6146331386391877, 5.042745248789713, 5.240775585391428], Velocity: [-0.17892593137853005, -0.18390816655075412, -12.336839626066743]
Position: [-0.5069071820261281, -0.5262224017105415, 90.7219109611744], Rotation: [2.5912689386391876, 5.035927458789713, 5.240775585391428], Velocity: [-0.15037165617923975, -0.15420166398367563, -12.384170475547238]
Position: [-0.5084108985879204, -0.5277644183503782, 90.59708825641893], Rotation: [2.5679047386391876, 5.0291096687897126, 5.240775585391428], Velocity: [-0.12181738097994944, -0.12449516141659712, -12.431501325027734]
Position: [-0.5096290723977199, -0.5290093699645442, 90.47179224316865], Rotation: [2.5445405386391875, 5.022291878789712, 5.240775585391428], Velocity: [-0.09326310578065913, -0.09478865884951862, -12.478832174508229]
Position: [-0.5105617034555265, -0.5299572565530394, 90.34602292142357], Rotation: [2.5211763386391874, 5.015474088789712, 5.240775585391428], Velocity: [-0.06470883058136882, -0.06508215628244012, -12.526163023988724]
Position: [-0.5112087917613403, -0.5306080781158637, 90.21978029118368], Rotation: [2.4978121386391874, 5.008656298789711, 5.240775585391428], Velocity: [-0.03615455538207851, -0.03537565371536161, -12.57349387346922]
Position: [-0.511570337315161, -0.5309618346530174, 90.09306435244899], Rotation: [2.4744479386391873, 5.001838508789711, 5.240775585391428], Velocity: [-0.007600280182788206, -0.005669151148283109, -12.620824722949715]
Position: [-0.5116463401169888, -0.5310185261645002, 89.9658751052195], Rotation: [2.4510894886391874, 5.015632288789711, 5.240775585391428], Velocity: [-0.02171915442618079, -0.02037466803509772, -12.714974071328577]
Position: [-0.5118635316612506, -0.5312222728448511, 89.83774436450621], Rotation: [2.4277310386391875, 5.029426068789712, 5.240775585391428], Velocity: [-0.03583802866957338, -0.035080184921912325, -12.809123419707438]
Position: [-0.5122219119479464, -0.5315730746940702, 89.70867213030914], Rotation: [2.4043725886391876, 5.043219848789712, 5.240775585391428], Velocity: [-0.049956902912965964, -0.049785701808726934, -12.9032727680863]
Position: [-0.512721480977076, -0.5320709317121575, 89.57865840262828], Rotation: [2.3810141386391876, 5.057013628789712, 5.240775585391428], Velocity: [-0.06407577715635855, -0.06449121869554154, -12.997422116465161]
Position: [-0.5133622387486396, -0.5327158438991129, 89.44770318146362], Rotation: [2.3576556886391877, 5.070807408789713, 5.240775585391428], Velocity: [-0.07819465139975114, -0.07919673558235615, -13.091571464844023]
Position: [-0.5141441852626372, -0.5335078112549364, 89.31580646681519], Rotation: [2.334297238639188, 5.084601188789713, 5.240775585391428], Velocity: [-0.09231352564314373, -0.09390225246917076, -13.185720813222884]
Position: [-0.5150673205190686, -0.5344468337796281, 89.18296825868296], Rotation: [2.310938788639188, 5.098394968789713, 5.240775585391428], Velocity: [-0.10643239988653631, -0.10860776935598537, -13.279870161601746]
Position: [-0.5161316445179339, -0.5355329114731879, 89.04918855706694], Rotation: [2.287580338639188, 5.1121887487897135, 5.240775585391428], Velocity: [-0.1205512741299289, -0.12331328624279998, -13.374019509980608]
Position: [-0.5173371572592332, -0.5367660443356159, 88.91446736196714], Rotation: [2.264221888639188, 5.125982528789714, 5.240775585391428], Velocity: [-0.13467014837332147, -0.1380188031296146, -13.46816885835947]
Position: [-0.5186838587429664, -0.5381462323669121, 88.77880467338355], Rotation: [2.240863438639188, 5.139776308789714, 5.240775585391428], Velocity: [-0.14878902261671406, -0.15272432001642922, -13.56231820673833]
Position: [-0.5201717489691335, -0.5396734755670763, 88.64220049131616], Rotation: [2.217504988639188, 5.1535700887897145, 5.240775585391428], Velocity: [-0.16290789686010665, -0.1674298369032438, -13.656467555117192]
Position: [-0.5218008279377346, -0.5413477739361088, 88.504654815765], Rotation: [2.1941465386391883, 5.167363868789715, 5.240775585391428], Velocity: [-0.17702677110349924, -0.1821353537900584, -13.750616903496054]
Position: [-0.5235710956487696, -0.5431691274740094, 88.36616764673003], Rotation: [2.1707880886391884, 5.181157648789715, 5.240775585391428], Velocity: [-0.19114564534689182, -0.196840870676873, -13.844766251874915]
Position: [-0.5254825521022385, -0.5451375361807781, 88.22673898421128], Rotation: [2.1474296386391885, 5.194951428789715, 5.240775585391428], Velocity: [-0.2052645195902844, -0.2115463875636876, -13.938915600253777]
Position: [-0.5275351972981414, -0.547253000056415, 88.08636882820875], Rotation: [2.1240711886391885, 5.208745208789716, 5.240775585391428], Velocity: [-0.219383393833677, -0.2262519044505022, -14.033064948632639]
Position: [-0.5297290312364781, -0.54951551910092, 87.94505717872242], Rotation: [2.1007127386391886, 5.222538988789716, 5.240775585391428], Velocity: [-0.23350226807706959, -0.2409574213373168, -14.1272142970115]
Position: [-0.5320640539172488, -0.5519250933142932, 87.8028040357523], Rotation: [2.0773542886391887, 5.236332768789716, 5.240775585391428], Velocity: [-0.24762114232046217, -0.2556629382241314, -14.221363645390362]
Position: [-0.5345402653404534, -0.5544817226965345, 87.6596093992984], Rotation: [2.0539958386391888, 5.250126548789717, 5.240775585391428], Velocity: [-0.26174001656385476, -0.270368455110946, -14.315512993769223]
Position: [-0.5371576655060919, -0.557185407247644, 87.51547326936071], Rotation: [2.030637388639189, 5.263920328789717, 5.240775585391428], Velocity: [-0.27585889080724735, -0.2850739719977606, -14.409662342148085]
Position: [-0.5399162544141644, -0.5600361469676216, 87.37039564593923], Rotation: [2.007278938639189, 5.277714108789717, 5.240775585391428], Velocity: [-0.28997776505063994, -0.2997794888845752, -14.503811690526947]
Position: [-0.5428160320646708, -0.5630339418564674, 87.22437652903396], Rotation: [1.983920488639189, 5.291507888789718, 5.240775585391428], Velocity: [-0.3040966392940325, -0.31448500577138977, -14.597961038905808]
Position: [-0.5458569984576112, -0.5661787919141813, 87.0774159186449], Rotation: [1.960562038639189, 5.305301668789718, 5.240775585391428], Velocity: [-0.3182155135374251, -0.32919052265820437, -14.69211038728467]
Position: [-0.5490391535929854, -0.5694706971407634, 86.92951381477205], Rotation: [1.9372035886391892, 5.319095448789718, 5.240775585391428], Velocity: [-0.3323343877808177, -0.34389603954501896, -14.786259735663531]
Position: [-0.5523624974707936, -0.5729096575362136, 86.78067021741542], Rotation: [1.9138451386391893, 5.3328892287897185, 5.240775585391428], Velocity: [-0.3464532620242103, -0.35860155643183356, -14.880409084042393]
Position: [-0.5558270300910357, -0.576495673100532, 86.630885126575], Rotation: [1.8904866886391893, 5.346683008789719, 5.240775585391428], Velocity: [-0.36057213626760287, -0.37330707331864815, -14.974558432421254]
Position: [-0.5594327514537117, -0.5802287438337185, 86.48015854225078], Rotation: [1.8671282386391894, 5.360476788789719, 5.240775585391428], Velocity: [-0.37469101051099546, -0.38801259020546275, -15.068707780800116]
Position: [-0.5631796615588217, -0.5841088697357731, 86.32849046444278], Rotation: [1.8437697886391895, 5.374270568789719, 5.240775585391428], Velocity: [-0.38880988475438805, -0.40271810709227734, -15.162857129178978]
Position: [-0.5670677604063656, -0.588136050806696, 86.17588089315099], Rotation: [1.8204113386391896, 5.38806434878972, 5.240775585391428], Velocity: [-0.40292875899778063, -0.41742362397909194, -15.25700647755784]
Position: [-0.5710970479963434, -0.5923102870464869, 86.0223298283754], Rotation: [1.7970528886391897, 5.40185812878972, 5.240775585391428], Velocity: [-0.4170476332411732, -0.43212914086590654, -15.3511558259367]
Position: [-0.5752675243287552, -0.596631578455146, 85.86783727011604], Rotation: [1.7736944386391897, 5.41565190878972, 5.240775585391428], Velocity: [-0.4311665074845658, -0.44683465775272113, -15.445305174315562]
Position: [-0.5795791894036009, -0.6010999250326733, 85.71240321837288], Rotation: [1.7503359886391898, 5.429445688789721, 5.240775585391428], Velocity: [-0.4452853817279584, -0.4615401746395357, -15.539454522694424]
Position: [-0.5840320432208804, -0.6057153267790687, 85.55602767314593], Rotation: [1.7269832986391898, 5.401015358789721, 5.240775585391428], Velocity: [-0.43016899090290206, -0.44577753054302954, -15.708517750264813]
Position: [-0.5883337331299094, -0.610173102084499, 85.39796149564329], Rotation: [1.7036306086391897, 5.372585028789721, 5.240775585391428], Velocity: [-0.4150526000778457, -0.43001488644652336, -15.877580977835201]
Position: [-0.5924842591306879, -0.6144732509489643, 85.23820468586493], Rotation: [1.6802779186391896, 5.344154698789721, 5.240775585391428], Velocity: [-0.3999362092527894, -0.4142522423500172, -16.046644205405592]
Position: [-0.5964836212232159, -0.6186157733724645, 85.07675724381087], Rotation: [1.6569252286391896, 5.315724368789721, 5.240775585391428], Velocity: [-0.38481981842773305, -0.398489598253511, -16.215707432975982]
Position: [-0.6003318194074931, -0.6226006693549997, 84.91361916948111], Rotation: [1.6335725386391895, 5.287294038789721, 5.240775585391428], Velocity: [-0.3697034276026767, -0.3827269541570048, -16.384770660546373]
Position: [-0.6040288536835199, -0.6264279388965698, 84.74879046287565], Rotation: [1.6102198486391894, 5.258863708789721, 5.240775585391428], Velocity: [-0.3545870367776204, -0.3669643100604986, -16.553833888116763]
Position: [-0.6075747240512961, -0.6300975819971748, 84.58227112399447], Rotation: [1.5868671586391894, 5.230433378789721, 5.240775585391428], Velocity: [-0.33947064595256404, -0.35120166596399244, -16.722897115687154]
Position: [-0.6109694305108218, -0.6336095986568148, 84.4140611528376], Rotation: [1.5635144686391893, 5.202003048789721, 5.240775585391428], Velocity: [-0.3243542551275077, -0.33543902186748625, -16.891960343257544]
Position: [-0.6142129730620969, -0.6369639888754897, 84.24416054940502], Rotation: [1.5401617786391892, 5.173572718789721, 5.240775585391428], Velocity: [-0.30923786430245137, -0.31967637777098007, -17.061023570827935]
Position: [-0.6173053517051214, -0.6401607526531995, 84.07256931369675], Rotation: [1.5168090886391892, 5.145142388789721, 5.240775585391428], Velocity: [-0.29412147347739503, -0.3039137336744739, -17.230086798398325]
Position: [-0.6202465664398953, -0.6431998899899443, 83.89928744571276], Rotation: [1.493456398639189, 5.116712058789721, 5.240775585391428], Velocity: [-0.2790050826523387, -0.2881510895779677, -17.399150025968716]
Position: [-0.6230366172664187, -0.646081400885724, 83.72431494545307], Rotation: [1.470103708639189, 5.088281728789721, 5.240775585391428], Velocity: [-0.26388869182728236, -0.2723884454814615, -17.568213253539106]
Position: [-0.6256755041846915, -0.6488052853405386, 83.54765181291768], Rotation: [1.446751018639189, 5.059851398789721, 5.240775585391428], Velocity: [-0.248772301002226, -0.25662580138495533, -17.737276481109497]
Position: [-0.6281632271947138, -0.6513715433543882, 83.36929804810659], Rotation: [1.423398328639189, 5.031421068789721, 5.240775585391428], Velocity: [-0.23365591017716963, -0.24086315728844915, -17.906339708679887]
Position: [-0.6304997862964855, -0.6537801749272727, 83.18925365101978], Rotation: [1.4000456386391888, 5.0029907387897214, 5.240775585391428], Velocity: [-0.21853951935211327, -0.22510051319194296, -18.075402936250278]
Position: [-0.6326851814900066, -0.6560311800591921, 83.00751862165728], Rotation: [1.3766929486391888, 4.9745604087897215, 5.240775585391428], Velocity: [-0.2034231285270569, -0.20933786909543678, -18.244466163820668]
Position: [-0.6347194127752772, -0.6581245587501465, 82.82409296001907], Rotation: [1.3533402586391887, 4.9461300787897216, 5.240775585391428], Velocity: [-0.18830673770200054, -0.1935752249989306, -18.41352939139106]
Position: [-0.6366024801522973, -0.6600603110001358, 82.63897666610517], Rotation: [1.3299875686391887, 4.917699748789722, 5.240775585391428], Velocity: [-0.17319034687694418, -0.1778125809024244, -18.58259261896145]
Position: [-0.6383343836210666, -0.6618384368091601, 82.45216973991555], Rotation: [1.3066348786391886, 4.889269418789722, 5.240775585391428], Velocity: [-0.15807395605188782, -0.16204993680591823, -18.75165584653184]
Position: [-0.6399151231815855, -0.6634589361772193, 82.26367218145023], Rotation: [1.2832821886391885, 4.860839088789722, 5.240775585391428], Velocity: [-0.14295756522683145, -0.14628729270941204, -18.92071907410223]
Position: [-0.6413446988338538, -0.6649218091043134, 82.0734839907092], Rotation: [1.2599294986391885, 4.832408758789722, 5.240775585391428], Velocity: [-0.1278411744017751, -0.13052464861290586, -19.08978230167262]
Position: [-0.6426231105778716, -0.6662270555904425, 81.88160516769248], Rotation: [1.2365768086391884, 4.803978428789722, 5.240775585391428], Velocity: [-0.11272478357671874, -0.11476200451639966, -19.25884552924301]
Position: [-0.6437503584136388, -0.6673746756356065, 81.68803571240005], Rotation: [1.2132241186391883, 4.775548098789722, 5.240775585391428], Velocity: [-0.09760839275166239, -0.09899936041989346, -19.4279087568134]
Position: [-0.6447264423411554, -0.6683646692398054, 81.49277562483192], Rotation: [1.1898714286391883, 4.747117768789722, 5.240775585391428], Velocity: [-0.08249200192660604, -0.08323671632338726, -19.596971984383792]
Position: [-0.6455513623604214, -0.6691970364030393, 81.29582490498808], Rotation: [1.1665187386391882, 4.718687438789722, 5.240775585391428], Velocity: [-0.06737561110154969, -0.06747407222688107, -19.766035211954183]
Position: [-0.6462251184714369, -0.6698717771253081, 81.09718355286854], Rotation: [1.1431660486391881, 4.690257108789722, 5.240775585391428], Velocity: [-0.05225922027649334, -0.05171142813037487, -19.935098439524573]
Position: [-0.6467477106742019, -0.6703888914066118, 80.8968515684733], Rotation: [1.119813358639188, 4.661826778789722, 5.240775585391428], Velocity: [-0.03714282945143699, -0.03594878403386867, -20.104161667094964]
Position: [-0.6471191389687163, -0.6707483792469505, 80.69482895180235], Rotation: [1.096460668639188, 4.633396448789722, 5.240775585391428], Velocity: [-0.022026438626380637, -0.02018613993736247, -20.273224894665354]
Position: [-0.6473394033549801, -0.6709502406463241, 80.4911157028557], Rotation: [1.073107978639188, 4.604966118789722, 5.240775585391428], Velocity: [-0.0069100478013242855, -0.004423495840856273, -20.442288122235745]
Position: [-0.6474085038329933, -0.6709944756047327, 80.28571182163334], Rotation: [1.0497552886391879, 4.576535788789722, 5.240775585391428], Velocity: [0.008206343023732066, 0.011339148255649925, -20.611351349806135]
Position: [-0.647326440402756, -0.6708810841221762, 80.07861730813528], Rotation: [1.0264025986391878, 4.548105458789722, 5.240775585391428], Velocity: [0.02332273384878842, 0.027101792352156123, -20.780414577376526]
Position: [-0.6470932130642681, -0.6706100661986546, 79.86983216236152], Rotation: [1.0030499086391877, 4.519675128789722, 5.240775585391428], Velocity: [0.03843912467384477, 0.04286443644866232, -20.949477804946916]
Position: [-0.6467088218175296, -0.670181421834168, 79.65935638431205], Rotation: [0.9797048886391877, 4.511854468789722, 5.240775585391428], Velocity: [0.0528795999352604, 0.0579454058260396, -21.02655846376475]
Position: [-0.646180025818177, -0.6696019677759075, 79.4481097996744], Rotation: [0.9563598686391876, 4.504033808789722, 5.240775585391428], Velocity: [0.06732007519667604, 0.07302637520341689, -21.103639122582585]
Position: [-0.6455068250662103, -0.6688717040238733, 79.23609240844857], Rotation: [0.9330148486391876, 4.496213148789722, 5.240775585391428], Velocity: [0.08176055045809168, 0.08810734458079417, -21.18071978140042]
Position: [-0.6446892195616294, -0.6679906305780654, 79.02330421063456], Rotation: [0.9096698286391875, 4.488392488789722, 5.240775585391428], Velocity: [0.09620102571950731, 0.10318831395817145, -21.257800440218254]
Position: [-0.6437272093044343, -0.6669587474384837, 78.80974520623238], Rotation: [0.8863248086391875, 4.480571828789722, 5.240775585391428], Velocity: [0.11064150098092294, 0.11826928333554873, -21.33488109903609]
Position: [-0.642620794294625, -0.6657760546051282, 78.59541539524201], Rotation: [0.8629797886391875, 4.4727511687897215, 5.240775585391428], Velocity: [0.12508197624233858, 0.133350252712926, -21.411961757853923]
Position: [-0.6413699745322017, -0.664442552077999, 78.38031477766347], Rotation: [0.8396347686391874, 4.464930508789721, 5.240775585391428], Velocity: [0.1395224515037542, 0.14843122209030327, -21.489042416671758]
Position: [-0.6399747500171641, -0.6629582398570959, 78.16444335349675], Rotation: [0.8162897486391874, 4.457109848789721, 5.240775585391428], Velocity: [0.15396292676516982, 0.16351219146768053, -21.566123075489593]
Position: [-0.6384351207495124, -0.661323117942419, 77.94780112274185], Rotation: [0.7929447286391873, 4.449289188789721, 5.240775585391428], Velocity: [0.16840340202658544, 0.1785931608450578, -21.643203734307427]
Position: [-0.6367510867292465, -0.6595371863339685, 77.73038808539877], Rotation: [0.7695997086391873, 4.441468528789721, 5.240775585391428], Velocity: [0.18284387728800106, 0.19367413022243507, -21.72028439312526]
Position: [-0.6349226479563665, -0.6576004450317442, 77.51220424146751], Rotation: [0.7462546886391872, 4.433647868789721, 5.240775585391428], Velocity: [0.19728435254941667, 0.20875509959981234, -21.797365051943096]
Position: [-0.6329498044308723, -0.6555128940357461, 77.29324959094808], Rotation: [0.7229096686391872, 4.425827208789721, 5.240775585391428], Velocity: [0.2117248278108323, 0.2238360689771896, -21.87444571076093]
Position: [-0.630832556152764, -0.6532745333459742, 77.07352413384046], Rotation: [0.6995646486391871, 4.41800654878972, 5.240775585391428], Velocity: [0.22616530307224791, 0.23891703835456687, -21.951526369578765]
Position: [-0.6285709031220416, -0.6508853629624285, 76.85302787014467], Rotation: [0.676219628639187, 4.41018588878972, 5.240775585391428], Velocity: [0.24060577833366353, 0.25399800773194414, -22.0286070283966]
Position: [-0.6261648453387049, -0.648345382885109, 76.6317607998607], Rotation: [0.652874608639187, 4.40236522878972, 5.240775585391428], Velocity: [0.25504625359507915, 0.26907897710932144, -22.105687687214434]
Position: [-0.623614382802754, -0.6456545931140159, 76.40972292298855], Rotation: [0.629529588639187, 4.39454456878972, 5.240775585391428], Velocity: [0.2694867288564948, 0.28415994648669873, -22.18276834603227]
Position: [-0.6209195155141891, -0.6428129936491489, 76.18691423952822], Rotation: [0.6061845686391869, 4.38672390878972, 5.240775585391428], Velocity: [0.2839272041179104, 0.29924091586407603, -22.259849004850103]
Position: [-0.61808024347301, -0.6398205844905082, 75.96333474947971], Rotation: [0.5828395486391869, 4.37890324878972, 5.240775585391428], Velocity: [0.298367679379326, 0.3143218852414533, -22.336929663667938]
Position: [-0.6150965666792167, -0.6366773656380936, 75.73898445284303], Rotation: [0.5594945286391868, 4.37108258878972, 5.240775585391428], Velocity: [0.31280815464074163, 0.3294028546188306, -22.414010322485773]
Position: [-0.6119684851328093, -0.6333833370919053, 75.51386334961816], Rotation: [0.5361495086391868, 4.363261928789719, 5.240775585391428], Velocity: [0.32724862990215725, 0.3444838239962079, -22.491090981303607]
Position: [-0.6086959988337878, -0.6299384988519432, 75.28797143980513], Rotation: [0.5128044886391867, 4.355441268789719, 5.240775585391428], Velocity: [0.34168910516357287, 0.3595647933735852, -22.56817164012144]
Position: [-0.605279107782152, -0.6263428509182073, 75.06130872340393], Rotation: [0.4894594686391867, 4.347620608789719, 5.240775585391428], Velocity: [0.3561295804249885, 0.3746457627509625, -22.645252298939276]
Position: [-0.6017178119779021, -0.6225963932906977, 74.83387520041454], Rotation: [0.4661144486391867, 4.339799948789719, 5.240775585391428], Velocity: [0.3705700556864041, 0.3897267321283398, -22.72233295775711]
Position: [-0.598012111421038, -0.6186991259694143, 74.60567087083697], Rotation: [0.4427694286391867, 4.331979288789719, 5.240775585391428], Velocity: [0.38501053094781973, 0.4048077015057171, -22.799413616574945]
Position: [-0.5941620061115599, -0.6146510489543572, 74.37669573467123], Rotation: [0.41942440863918673, 4.324158628789719, 5.240775585391428], Velocity: [0.39945100620923535, 0.4198886708830944, -22.87649427539278]
Position: [-0.5901674960494675, -0.6104521622455262, 74.14694979191731], Rotation: [0.39607938863918674, 4.3163379687897185, 5.240775585391428], Velocity: [0.41389148147065097, 0.4349696402604717, -22.953574934210614]
Position: [-0.586028581234761, -0.6061024658429215, 73.9164330425752], Rotation: [0.37273436863918674, 4.308517308789718, 5.240775585391428], Velocity: [0.4283319567320666, 0.450050609637849, -23.03065559302845]
Position: [-0.5817452616674403, -0.601601959746543, 73.68514548664493], Rotation: [0.34938934863918675, 4.300696648789718, 5.240775585391428], Velocity: [0.4427724319934822, 0.4651315790152263, -23.107736251846283]
Position: [-0.5773175373475056, -0.5969506439563907, 73.45308712412647], Rotation: [0.32604432863918675, 4.292875988789718, 5.240775585391428], Velocity: [0.4572129072548978, 0.4802125483926036, -23.184816910664118]
Position: [-0.5727454082749566, -0.5921485184724647, 73.22025795501983], Rotation: [0.30269930863918676, 4.285055328789718, 5.240775585391428], Velocity: [0.47165338251631345, 0.4952935177699809, -23.261897569481953]
Position: [-0.5680288744497934, -0.587195583294765, 72.98665797932502], Rotation: [0.27935428863918677, 4.277234668789718, 5.240775585391428], Velocity: [0.48609385777772907, 0.5103744871473581, -23.338978228299787]
Position: [-0.5631679358720162, -0.5820918384232914, 72.75228719704202], Rotation: [0.25601501863918674, 4.2900255787897175, 5.240775585391428], Velocity: [0.4310742669535995, 0.45284837161777297, -23.413176192747503]
Position: [-0.5588571932024802, -0.5775633547071136, 72.51717443511454], Rotation: [0.23267574863918675, 4.302816488789717, 5.240775585391428], Velocity: [0.37605467612946997, 0.39532225608818783, -23.48737415719522]
Position: [-0.5550966464411855, -0.5736101321462317, 72.28131969354259], Rotation: [0.20933647863918675, 4.315607398789717, 5.240775585391428], Velocity: [0.3210350853053404, 0.3377961405586027, -23.561572121642936]
Position: [-0.5518862955881321, -0.5702321707406457, 72.04472297232616], Rotation: [0.18599720863918676, 4.328398308789716, 5.240775585391428], Velocity: [0.26601549448121087, 0.28027002502901754, -23.635770086090652]
Position: [-0.54922614064332, -0.5674294704903555, 71.80738427146525], Rotation: [0.16265793863918676, 4.341189218789716, 5.240775585391428], Velocity: [0.21099590365708132, 0.22274390949943237, -23.709968050538368]
Position: [-0.5471161816067491, -0.5652020313953612, 71.56930359095986], Rotation: [0.13931866863918677, 4.353980128789716, 5.240775585391428], Velocity: [0.15597631283295177, 0.1652177939698472, -23.784166014986084]
Position: [-0.5455564184784196, -0.5635498534556627, 71.33048093081], Rotation: [0.11597939863918677, 4.366771038789715, 5.240775585391428], Velocity: [0.10095672200882222, 0.10769167844026203, -23.8583639794338]
Position: [-0.5445468512583314, -0.5624729366712601, 71.09091629101566], Rotation: [0.09264012863918678, 4.379561948789715, 5.240775585391428], Velocity: [0.04593713118469266, 0.05016556291067687, -23.932561943881517]
Position: [-0.5440874799464844, -0.5619712810421533, 70.85060967157685], Rotation: [0.06930085863918678, 4.392352858789715, 5.240775585391428], Velocity: [-0.009082459639436893, -0.007360552618908292, -24.006759908329233]
Position: [-0.5441783045428789, -0.5620448865683424, 70.60956107249356], Rotation: [0.04596158863918678, 4.405143768789714, 5.240775585391428], Velocity: [-0.06410205046356646, -0.06488666814849345, -24.08095787277695]
Position: [-0.5448193250475145, -0.5626937532498273, 70.36777049376579], Rotation: [0.022622318639186775, 4.417934678789714, 5.240775585391428], Velocity: [-0.119121641287696, -0.12241278367807862, -24.155155837224665]
Position: [-0.5460105414603915, -0.5639178810866081, 70.12523793539354], Rotation: [-0.0007169513608132269, 4.430725588789714, 5.240775585391428], Velocity: [-0.17414123211182556, -0.1799388992076638, -24.22935380167238]
Position: [-0.5477519537815098, -0.5657172700786848, 69.88196339737682], Rotation: [-0.02405622136081323, 4.443516498789713, 5.240775585391428], Velocity: [-0.2291608229359551, -0.23746501473724896, -24.303551766120098]
Position: [-0.5500435620108693, -0.5680919202260573, 69.63794687971563], Rotation: [-0.04739549136081323, 4.456307408789713, 5.240775585391428], Velocity: [-0.2841804137600847, -0.2949911302668341, -24.377749730567814]
Position: [-0.5528853661484702, -0.5710418315287256, 69.39318838240995], Rotation: [-0.07073476136081323, 4.469098318789713, 5.240775585391428], Velocity: [-0.33920000458421423, -0.35251724579641924, -24.45194769501553]
Position: [-0.5562773661943123, -0.5745670039866898, 69.14768790545979], Rotation: [-0.09407403136081324, 4.481889228789712, 5.240775585391428], Velocity: [-0.3942195954083438, -0.4100433613260044, -24.526145659463246]
Position: [-0.5602195621483957, -0.5786674375999499, 68.90144544886516], Rotation: [-0.11741330136081324, 4.494680138789712, 5.240775585391428], Velocity: [-0.44923918623247333, -0.4675694768555895, -24.600343623910963]
Position: [-0.5647119540107205, -0.5833431323685058, 68.65446101262606], Rotation: [-0.14075257136081323, 4.507471048789712, 5.240775585391428], Velocity: [-0.5042587770566029, -0.5250955923851747, -24.67454158835868]
Position: [-0.5697545417812865, -0.5885940882923575, 68.40673459674247], Rotation: [-0.16409184136081323, 4.520261958789711, 5.240775585391428], Velocity: [-0.5592783678807325, -0.5826217079147599, -24.748739552806395]
Position: [-0.5753473254600938, -0.594420305371505, 68.1582662012144], Rotation: [-0.18743111136081322, 4.533052868789711, 5.240775585391428], Velocity: [-0.614297958704862, -0.6401478234443451, -24.82293751725411]
Position: [-0.5814903050471424, -0.6008217836059485, 67.90905582604186], Rotation: [-0.21077038136081322, 4.545843778789711, 5.240775585391428], Velocity: [-0.6693175495289916, -0.6976739389739303, -24.897135481701827]
Position: [-0.5881834805424323, -0.6077985229956878, 67.65910347122485], Rotation: [-0.23410965136081321, 4.55863468878971, 5.240775585391428], Velocity: [-0.7243371403531211, -0.7552000545035155, -24.971333446149544]
Position: [-0.5954268519459636, -0.615350523540723, 67.40840913676335], Rotation: [-0.2574489213608132, 4.57142559878971, 5.240775585391428], Velocity: [-0.7793567311772507, -0.8127261700331007, -25.04553141059726]
Position: [-0.6032204192577361, -0.6234777852410539, 67.15697282265738], Rotation: [-0.28078819136081323, 4.5842165087897095, 5.240775585391428], Velocity: [-0.8343763220013802, -0.8702522855626859, -25.119729375044976]
Position: [-0.6115641824777499, -0.6321803080966808, 66.90479452890693], Rotation: [-0.30412746136081326, 4.597007418789709, 5.240775585391428], Velocity: [-0.8893959128255098, -0.927778401092271, -25.193927339492692]
Position: [-0.620458141606005, -0.6414580921076035, 66.65187425551201], Rotation: [-0.3274667313608133, 4.609798328789709, 5.240775585391428], Velocity: [-0.9444155036496393, -0.9853045166218563, -25.26812530394041]
Position: [-0.6299022966425014, -0.6513111372738221, 66.3982120024726], Rotation: [-0.3508060013608133, 4.6225892387897085, 5.240775585391428], Velocity: [-0.9994350944737689, -1.0428306321514413, -25.342323268388125]
Position: [-0.6398966475872391, -0.6617394435953364, 66.14380776978872], Rotation: [-0.3741452713608133, 4.635380148789708, 5.240775585391428], Velocity: [-1.0544546852978984, -1.1003567476810265, -25.41652123283584]
Position: [-0.6504411944402181, -0.6727430110721467, 65.88866155746037], Rotation: [-0.39748454136081335, 4.648171058789708, 5.240775585391428], Velocity: [-1.109474276122028, -1.1578828632106117, -25.490719197283557]
Position: [-0.6615359372014383, -0.6843218397042529, 65.63277336548754], Rotation: [-0.42082381136081337, 4.6609619687897075, 5.240775585391428], Velocity: [-1.1644938669461575, -1.215408978740197, -25.564917161731273]
Position: [-0.6731808758708999, -0.6964759294916548, 65.37614319387022], Rotation: [-0.4441630813608134, 4.673752878789707, 5.240775585391428], Velocity: [-1.219513457770287, -1.2729350942697821, -25.63911512617899]
Position: [-0.6853760104486027, -0.7092052804343526, 65.11877104260843], Rotation: [-0.4675023513608134, 4.686543788789707, 5.240775585391428], Velocity: [-1.2745330485944166, -1.3304612097993673, -25.713313090626706]
Position: [-0.6981213409345469, -0.7225098925323463, 64.86065691170216], Rotation: [-0.4908358713608134, 4.657110588789707, 5.240775585391428], Velocity: [-1.2692956030500497, -1.324978854716582, -25.84915105030597]
Position: [-0.7108142969650474, -0.7357596810795122, 64.6011844011991], Rotation: [-0.5141693913608134, 4.627677388789707, 5.240775585391428], Velocity: [-1.2640581575056828, -1.3194964996337966, -25.984989009985235]
Position: [-0.7234548785401043, -0.7489546460758502, 64.34035351109925], Rotation: [-0.5375029113608134, 4.598244188789708, 5.240775585391428], Velocity: [-1.258820711961316, -1.3140141445510112, -26.1208269696645]
Position: [-0.7360430856597174, -0.7620947875213603, 64.0781642414026], Rotation: [-0.5608364313608134, 4.568810988789708, 5.240775585391428], Velocity: [-1.253583266416949, -1.3085317894682258, -26.256664929343764]
Position: [-0.7485789183238869, -0.7751801054160425, 63.81461659210917], Rotation: [-0.5841699513608134, 4.539377788789708, 5.240775585391428], Velocity: [-1.2483458208725822, -1.3030494343854404, -26.392502889023028]
Position: [-0.7610623765326128, -0.7882105997598969, 63.54971056321894], Rotation: [-0.6075034713608134, 4.5099445887897085, 5.240775585391428], Velocity: [-1.2431083753282153, -1.297567079302655, -26.528340848702292]
Position: [-0.7734934602858949, -0.8011862705529235, 63.28344615473191], Rotation: [-0.6308369913608134, 4.480511388789709, 5.240775585391428], Velocity: [-1.2378709297838484, -1.2920847242198696, -26.664178808381557]
Position: [-0.7858721695837334, -0.8141071177951221, 63.0158233666481], Rotation: [-0.6541705113608134, 4.451078188789709, 5.240775585391428], Velocity: [-1.2326334842394815, -1.2866023691370843, -26.80001676806082]
Position: [-0.7981985044261282, -0.8269731414864929, 62.74684219896749], Rotation: [-0.6775040313608134, 4.421644988789709, 5.240775585391428], Velocity: [-1.2273960386951146, -1.2811200140542989, -26.935854727740086]
Position: [-0.8104724648130793, -0.8397843416270359, 62.47650265169009], Rotation: [-0.7008375513608134, 4.39221178878971, 5.240775585391428], Velocity: [-1.2221585931507477, -1.2756376589715135, -27.07169268741935]
Position: [-0.8226940507445868, -0.852540718216751, 62.204804724815894], Rotation: [-0.7241710713608134, 4.36277858878971, 5.240775585391428], Velocity: [-1.2169211476063808, -1.270155303888728, -27.207530647098615]
Position: [-0.8348632622206505, -0.8652422712556384, 61.93174841834491], Rotation: [-0.7475045913608134, 4.33334538878971, 5.240775585391428], Velocity: [-1.211683702062014, -1.2646729488059427, -27.34336860677788]
Position: [-0.8469800992412707, -0.8778890007436978, 61.65733373227713], Rotation: [-0.7708381113608134, 4.3039121887897105, 5.240775585391428], Velocity: [-1.206446256517647, -1.2591905937231573, -27.479206566457144]
Position: [-0.8590445618064472, -0.8904809066809294, 61.38156066661256], Rotation: [-0.7941716313608134, 4.274478988789711, 5.240775585391428], Velocity: [-1.2012088109732801, -1.253708238640372, -27.61504452613641]
Position: [-0.8710566499161799, -0.9030179890673331, 61.1044292213512], Rotation: [-0.8175051513608134, 4.245045788789711, 5.240775585391428], Velocity: [-1.1959713654289132, -1.2482258835575866, -27.750882485815673]
Position: [-0.8830163635704691, -0.915500247902909, 60.82593939649304], Rotation: [-0.8408386713608134, 4.215612588789711, 5.240775585391428], Velocity: [-1.1907339198845464, -1.2427435284748012, -27.886720445494937]
Position: [-0.8949237027693145, -0.927927683187657, 60.54609119203809], Rotation: [-0.8641721913608134, 4.186179388789712, 5.240775585391428], Velocity: [-1.1854964743401795, -1.2372611733920158, -28.022558405174202]
Position: [-0.9067786675127163, -0.9403002949215771, 60.264884607986346], Rotation: [-0.8875057113608134, 4.156746188789712, 5.240775585391428], Velocity: [-1.1802590287958126, -1.2317788183092304, -28.158396364853466]
Position: [-0.9185812578006745, -0.9526180831046693, 59.982319644337814], Rotation: [-0.9108392313608134, 4.127312988789712, 5.240775585391428], Velocity: [-1.1750215832514457, -1.226296463226445, -28.29423432453273]
Position: [-0.9303314736331889, -0.9648810477369338, 59.69839630109249], Rotation: [-0.9341727513608133, 4.0978797887897125, 5.240775585391428], Velocity: [-1.1697841377070788, -1.2208141081436596, -28.430072284211995]
Position: [-0.9420293150102597, -0.9770891888183705, 59.413114578250365], Rotation: [-0.9575062713608133, 4.068446588789713, 5.240775585391428], Velocity: [-1.164546692162712, -1.2153317530608743, -28.56591024389126]
Position: [-0.9536747819318868, -0.9892425063489793, 59.126474475811456], Rotation: [-0.9808397913608133, 4.039013388789713, 5.240775585391428], Velocity: [-1.159309246618345, -1.2098493979780889, -28.701748203570524]
Position: [-0.9652678743980703, -1.0013410003287602, 58.83847599377575], Rotation: [-1.0041733113608133, 4.009580188789713, 5.240775585391428], Velocity: [-1.154071801073978, -1.2043670428953035, -28.83758616324979]
Position: [-0.97680859240881, -1.0133846707577132, 58.549119132143254], Rotation: [-1.0275068313608133, 3.980146988789713, 5.240775585391428], Velocity: [-1.1488343555296112, -1.1988846878125181, -28.973424122929053]
Position: [-0.9882969359641062, -1.0253735176358383, 58.25840389091396], Rotation: [-1.0508403513608133, 3.950713788789713, 5.240775585391428], Velocity: [-1.1435969099852443, -1.1934023327297327, -29.109262082608318]
Position: [-0.9997329050639586, -1.0373075409631356, 57.96633027008788], Rotation: [-1.0741738713608133, 3.921280588789713, 5.240775585391428], Velocity: [-1.1383594644408774, -1.1879199776469473, -29.245100042287582]
Position: [-1.0111164997083675, -1.0491867407396052, 57.672898269665005], Rotation: [-1.0975073913608133, 3.8918473887897127, 5.240775585391428], Velocity: [-1.1331220188965105, -1.182437622564162, -29.380938001966847]
Position: [-1.0224477198973325, -1.0610111169652467, 57.378107889645335], Rotation: [-1.1208409113608133, 3.8624141887897125, 5.240775585391428], Velocity: [-1.1278845733521436, -1.1769552674813766, -29.51677596164611]
Position: [-1.0337265656308539, -1.0727806696400606, 57.08195913002887], Rotation: [-1.1441744313608133, 3.8329809887897124, 5.240775585391428], Velocity: [-1.1226471278077768, -1.1714729123985912, -29.652613921325376]
Position: [-1.0449530369089317, -1.0844953987640464, 56.78445199081562], Rotation: [-1.1675079513608133, 3.8035477887897122, 5.240775585391428], Velocity: [-1.1174096822634099, -1.1659905573158058, -29.78845188100464]
Position: [-1.0561271337315659, -1.0961553043372045, 56.48558647200557], Rotation: [-1.1908414713608133, 3.774114588789712, 5.240775585391428], Velocity: [-1.112172236719043, -1.1605082022330204, -29.924289840683905]
Position: [-1.0672488560987563, -1.1077603863595347, 56.18536257359873], Rotation: [-1.2141749913608133, 3.744681388789712, 5.240775585391428], Velocity: [-1.106934791174676, -1.155025847150235, -30.06012780036317]
Position: [-1.078318204010503, -1.119310644831037, 55.8837802955951], Rotation: [-1.2375008413608133, 3.735859768789712, 5.240775585391428], Velocity: [-1.0579191230408116, -1.103639293205621, -30.099779515760396]
Position: [-1.0888973952409111, -1.1303470377630933, 55.5818015004375], Rotation: [-1.2608266913608133, 3.727038148789712, 5.240775585391428], Velocity: [-1.008903454906947, -1.0522527392610068, -30.139431231157623]
Position: [-1.0989864297899805, -1.1408695651557035, 55.279426188125925], Rotation: [-1.2841525413608132, 3.718216528789712, 5.240775585391428], Velocity: [-0.9598877867730826, -1.0008661853163927, -30.17908294655485]
Position: [-1.1085853076577112, -1.1508782270088673, 54.976654358660376], Rotation: [-1.3074783913608132, 3.709394908789712, 5.240775585391428], Velocity: [-0.9108721186392181, -0.9494796313717786, -30.218734661952077]
Position: [-1.1176940288441035, -1.160373023322585, 54.673486012040854], Rotation: [-1.3308042413608132, 3.700573288789712, 5.240775585391428], Velocity: [-0.8618564505053536, -0.8980930774271645, -30.258386377349304]
Position: [-1.1263125933491571, -1.1693539540968567, 54.36992114826736], Rotation: [-1.3541300913608132, 3.691751668789712, 5.240775585391428], Velocity: [-0.8128407823714892, -0.8467065234825504, -30.29803809274653]
Position: [-1.134441001172872, -1.1778210193316823, 54.06595976733989], Rotation: [-1.3774559413608132, 3.682930048789712, 5.240775585391428], Velocity: [-0.7638251142376247, -0.7953199695379363, -30.337689808143757]
Position: [-1.1420792523152483, -1.1857742190270617, 53.761601869258456], Rotation: [-1.4007817913608132, 3.674108428789712, 5.240775585391428], Velocity: [-0.7148094461037602, -0.7439334155933222, -30.377341523540984]
Position: [-1.149227346776286, -1.1932135531829948, 53.45684745402305], Rotation: [-1.4241076413608131, 3.665286808789712, 5.240775585391428], Velocity: [-0.6657937779698957, -0.692546861648708, -30.41699323893821]
Position: [-1.1558852845559848, -1.2001390217994818, 53.15169652163367], Rotation: [-1.4474334913608131, 3.656465188789712, 5.240775585391428], Velocity: [-0.6167781098360312, -0.6411603077040939, -30.456644954335438]
Position: [-1.162053065654345, -1.2065506248765228, 52.84614907209031], Rotation: [-1.470759341360813, 3.647643568789712, 5.240775585391428], Velocity: [-0.5677624417021667, -0.5897737537594798, -30.496296669732665]
Position: [-1.1677306900713667, -1.2124483624141176, 52.540205105392985], Rotation: [-1.494085191360813, 3.638821948789712, 5.240775585391428], Velocity: [-0.5187467735683022, -0.5383871998148657, -30.535948385129892]
Position: [-1.1729181578070498, -1.2178322344122663, 52.233864621541684], Rotation: [-1.517411041360813, 3.6300003287897122, 5.240775585391428], Velocity: [-0.4697311054344378, -0.4870006458702516, -30.57560010052712]
Position: [-1.1776154688613942, -1.222702240870969, 51.92712762053641], Rotation: [-1.540736891360813, 3.6211787087897123, 5.240775585391428], Velocity: [-0.42071543730057337, -0.4356140919256375, -30.615251815924346]
Position: [-1.1818226232344, -1.2270583817902252, 51.61999410237717], Rotation: [-1.564062741360813, 3.6123570887897123, 5.240775585391428], Velocity: [-0.37169976916670894, -0.3842275379810234, -30.654903531321573]
Position: [-1.1855396209260671, -1.2309006571700354, 51.31246406706396], Rotation: [-1.587388591360813, 3.6035354687897123, 5.240775585391428], Velocity: [-0.3226841010328445, -0.33284098403640927, -30.6945552467188]
Position: [-1.1887664619363956, -1.2342290670103995, 51.00453751459677], Rotation: [-1.610714441360813, 3.5947138487897123, 5.240775585391428], Velocity: [-0.2736684328989801, -0.28145443009179516, -30.734206962116026]
Position: [-1.1915031462653853, -1.2370436113113175, 50.69621444497561], Rotation: [-1.634040291360813, 3.5858922287897124, 5.240775585391428], Velocity: [-0.22465276476511564, -0.23006787614718105, -30.773858677513253]
Position: [-1.1937496739130364, -1.2393442900727893, 50.387494858200476], Rotation: [-1.657366141360813, 3.5770706087897124, 5.240775585391428], Velocity: [-0.1756370966312512, -0.17868132220256694, -30.81351039291048]
Position: [-1.1955060448793489, -1.241131103294815, 50.07837875427137], Rotation: [-1.680691991360813, 3.5682489887897124, 5.240775585391428], Velocity: [-0.12662142849738678, -0.12729476825795283, -30.853162108307707]
Position: [-1.1967722591643228, -1.2424040509773944, 49.76886613318829], Rotation: [-1.704017841360813, 3.5594273687897124, 5.240775585391428], Velocity: [-0.07760576036352233, -0.07590821431333873, -30.892813823704934]
Position: [-1.1975483167679581, -1.2431631331205277, 49.458956994951244], Rotation: [-1.727343691360813, 3.5506057487897125, 5.240775585391428], Velocity: [-0.028590092229657887, -0.024521660368724635, -30.93246553910216]
Position: [-1.1978342176902548, -1.243408349724215, 49.148651339560224], Rotation: [-1.7506695413608129, 3.5417841287897125, 5.240775585391428], Velocity: [0.020425575904206558, 0.026864893575889462, -30.972117254499388]
Position: [-1.1976299619312127, -1.2431397007884561, 48.83794916701523], Rotation: [-1.7739953913608129, 3.5329625087897125, 5.240775585391428], Velocity: [0.069441244038071, 0.07825144752050356, -31.011768969896615]
Position: [-1.196935549490832, -1.2423571863132512, 48.526850477316266], Rotation: [-1.7973212413608128, 3.5241408887897125, 5.240775585391428], Velocity: [0.11845691217193545, 0.12963800146511767, -31.05142068529384]
Position: [-1.1957509803691126, -1.2410608062986, 48.21535527046333], Rotation: [-1.8206470913608128, 3.5153192687897126, 5.240775585391428], Velocity: [0.1674725803057999, 0.18102455540973178, -31.09107240069107]
Position: [-1.1940762545660546, -1.2392505607445026, 47.903463546456415], Rotation: [-1.8439729413608128, 3.5064976487897126, 5.240775585391428], Velocity: [0.21648824843966435, 0.2324111093543459, -31.130724116088295]
Position: [-1.1919113720816579, -1.236926449650959, 47.59117530529553], Rotation: [-1.8672987913608128, 3.4976760287897126, 5.240775585391428], Velocity: [0.2655039165735288, 0.28379766329896, -31.170375831485522]
Position: [-1.1892563329159225, -1.2340884730179695, 47.27849054698068], Rotation: [-1.8906246413608128, 3.4888544087897126, 5.240775585391428], Velocity: [0.3145195847073932, 0.3351842172435741, -31.21002754688275]
Position: [-1.1861111370688486, -1.2307366308455339, 46.96540927151185], Rotation: [-1.9139504913608127, 3.4800327887897127, 5.240775585391428], Velocity: [0.36353525284125765, 0.3865707711881882, -31.249679262279976]
Position: [-1.1824757845404361, -1.226870923133652, 46.651931478889054], Rotation: [-1.9372763413608127, 3.4712111687897127, 5.240775585391428], Velocity: [0.4125509209751221, 0.43795732513280233, -31.289330977677203]
Position: [-1.178350275330685, -1.222491349882324, 46.33805716911228], Rotation: [-1.9605964413608128, 3.4829992087897126, 5.240775585391428], Velocity: [0.382363767642103, 0.40627356346791443, -31.369340330486548]
Position: [-1.1745266376542638, -1.2184286142476448, 46.02338276580742], Rotation: [-1.9839165413608129, 3.4947872487897125, 5.240775585391428], Velocity: [0.3521766143090839, 0.37458980180302653, -31.449349683295893]
Position: [-1.171004871511173, -1.2146827162296145, 45.70790826897446], Rotation: [-2.0072366413608127, 3.5065752887897124, 5.240775585391428], Velocity: [0.32198946097606485, 0.34290604013813863, -31.529359036105237]
Position: [-1.1677849769014124, -1.2112536558282332, 45.3916336786134], Rotation: [-2.0305567413608125, 3.5183633287897123, 5.240775585391428], Velocity: [0.29180230764304577, 0.31122227847325074, -31.609368388914582]
Position: [-1.1648669538249818, -1.2081414330435007, 45.074558994724256], Rotation: [-2.0538768413608124, 3.530151368789712, 5.240775585391428], Velocity: [0.2616151543100267, 0.27953851680836284, -31.689377741723927]
Position: [-1.1622508022818816, -1.2053460478754172, 44.75668421730702], Rotation: [-2.0771969413608122, 3.541939408789712, 5.240775585391428], Velocity: [0.2314280009770076, 0.24785475514347494, -31.769387094533272]
Position: [-1.1599365222721114, -1.2028675003239824, 44.43800934636169], Rotation: [-2.100517041360812, 3.553727448789712, 5.240775585391428], Velocity: [0.20124084764398853, 0.21617099347858704, -31.849396447342617]
Position: [-1.1579241137956715, -1.2007057903891964, 44.11853438188826], Rotation: [-2.123837141360812, 3.565515488789712, 5.240775585391428], Velocity: [0.17105369431096945, 0.18448723181369914, -31.92940580015196]
Position: [-1.1562135768525619, -1.1988609180710594, 43.79825932388674], Rotation: [-2.1471572413608118, 3.5773035287897117, 5.240775585391428], Velocity: [0.14086654097795037, 0.15280347014881124, -32.0094151529613]
Position: [-1.1548049114427823, -1.1973328833695713, 43.47718417235713], Rotation: [-2.1704773413608116, 3.5890915687897116, 5.240775585391428], Velocity: [0.11067938764493129, 0.12111970848392332, -32.089424505770644]
Position: [-1.153698117566333, -1.1961216862847321, 43.15530892729942], Rotation: [-2.1937974413608115, 3.6008796087897115, 5.240775585391428], Velocity: [0.08049223431191221, 0.08943594681903541, -32.169433858579985]
Position: [-1.152893195223214, -1.1952273268165419, 42.83263358871362], Rotation: [-2.2171175413608113, 3.6126676487897114, 5.240775585391428], Velocity: [0.050305080978893135, 0.0577521851541475, -32.24944321138933]
Position: [-1.152390144413425, -1.1946498049650003, 42.509158156599725], Rotation: [-2.240437641360811, 3.6244556887897112, 5.240775585391428], Velocity: [0.020117927645874056, 0.026068423489259585, -32.32945256419867]
Position: [-1.1521889651369663, -1.1943891207301076, 42.18488263095774], Rotation: [-2.263757741360811, 3.636243728789711, 5.240775585391428], Velocity: [-0.010069225687145023, -0.005615338175628329, -32.40946191700801]
Position: [-1.1522896573938377, -1.1944452741118639, 41.85980701178766], Rotation: [-2.287077841360811, 3.648031768789711, 5.240775585391428], Velocity: [-0.0402563790201641, -0.03729909984051624, -32.48947126981735]
Position: [-1.1526922211840394, -1.194818265110269, 41.53393129908949], Rotation: [-2.3103979413608107, 3.659819808789711, 5.240775585391428], Velocity: [-0.07044353235318318, -0.06898286150540416, -32.56948062262669]
Position: [-1.1533966565075713, -1.195508093725323, 41.20725549286322], Rotation: [-2.3337180413608105, 3.671607848789711, 5.240775585391428], Velocity: [-0.10063068568620226, -0.10066662317029207, -32.64948997543603]
Position: [-1.1544029633644333, -1.196514759957026, 40.87977959310886], Rotation: [-2.3570381413608104, 3.6833958887897107, 5.240775585391428], Velocity: [-0.13081783901922134, -0.13235038483517997, -32.729499328245375]
Position: [-1.1557111417546255, -1.197838263805378, 40.551503599826404], Rotation: [-2.38035824136081, 3.6951839287897106, 5.240775585391428], Velocity: [-0.16100499235224042, -0.16403414650006787, -32.809508681054716]
Position: [-1.1573211916781478, -1.1994786052703785, 40.22242751301586], Rotation: [-2.40367834136081, 3.7069719687897105, 5.240775585391428], Velocity: [-0.1911921456852595, -0.19571790816495577, -32.88951803386406]
Position: [-1.1592331131350004, -1.201435784352028, 39.892551332677215], Rotation: [-2.42699844136081, 3.7187600087897104, 5.240775585391428], Velocity: [-0.22137929901827857, -0.22740166982984367, -32.9695273866734]
Position: [-1.1614469061251833, -1.2037098010503264, 39.56187505881048], Rotation: [-2.4503185413608097, 3.7305480487897102, 5.240775585391428], Velocity: [-0.25156645235129765, -0.25908543149473157, -33.04953673948274]
Position: [-1.1639625706486962, -1.2063006553652738, 39.23039869141565], Rotation: [-2.4736386413608096, 3.74233608878971, 5.240775585391428], Velocity: [-0.28175360568431673, -0.29076919315961947, -33.12954609229208]
Position: [-1.1667801067055394, -1.20920834729687, 38.89812223049273], Rotation: [-2.4969587413608094, 3.75412412878971, 5.240775585391428], Velocity: [-0.3119407590173358, -0.32245295482450737, -33.20955544510142]
Position: [-1.1698995142957127, -1.2124328768451151, 38.56504567604172], Rotation: [-2.5202788413608093, 3.76591216878971, 5.240775585391428], Velocity: [-0.3421279123503549, -0.35413671648939526, -33.289564797910764]
Position: [-1.1733207934192162, -1.2159742440100092, 38.23116902806261], Rotation: [-2.543598941360809, 3.77770020878971, 5.240775585391428], Velocity: [-0.37231506568337397, -0.38582047815428316, -33.369574150720105]
Position: [-1.17704394407605, -1.219832448791552, 37.89649228655541], Rotation: [-2.566919041360809, 3.7894882487897097, 5.240775585391428], Velocity: [-0.40250221901639305, -0.41750423981917106, -33.449583503529446]
Position: [-1.181068966266214, -1.2240074911897436, 37.56101545152011], Rotation: [-2.590239141360809, 3.8012762887897096, 5.240775585391428], Velocity: [-0.4326893723494121, -0.44918800148405896, -33.52959285633879]
Position: [-1.185395859989708, -1.2284993712045842, 37.22473852295673], Rotation: [-2.6135592413608086, 3.8130643287897095, 5.240775585391428], Velocity: [-0.4628765256824312, -0.48087176314894686, -33.60960220914813]
Position: [-1.1900246252465323, -1.2333080888360737, 36.88766150086525], Rotation: [-2.6368793413608085, 3.8248523687897094, 5.240775585391428], Velocity: [-0.4930636790154503, -0.5125555248138348, -33.68961156195747]
Position: [-1.1949552620366868, -1.238433644084212, 36.54978438524567], Rotation: [-2.6601994413608083, 3.8366404087897092, 5.240775585391428], Velocity: [-0.5232508323484694, -0.5442392864787228, -33.76962091476681]
Position: [-1.2001877703601715, -1.2438760369489994, 36.211107176098004], Rotation: [-2.683519541360808, 3.848428448789709, 5.240775585391428], Velocity: [-0.5534379856814884, -0.5759230481436107, -33.84963026757615]
Position: [-1.2057221502169864, -1.2496352674304354, 35.87162987342224], Rotation: [-2.7068338813608084, 3.817992378789709, 5.240775585391428], Velocity: [-0.5532536433442403, -0.5757293432584044, -33.95045051661802]
Position: [-1.2112546866504288, -1.2553925608630194, 35.531144368256065], Rotation: [-2.7301482213608086, 3.7875563087897093, 5.240775585391428], Velocity: [-0.5530693010069923, -0.5755356383731981, -34.051270765659886]
Position: [-1.2167853796604988, -1.2611479172467515, 35.18965066059947], Rotation: [-2.753462561360809, 3.7571202387897094, 5.240775585391428], Velocity: [-0.5528849586697442, -0.5753419334879918, -34.15209101470175]
Position: [-1.2223142292471962, -1.2669013365816313, 34.847148750452455], Rotation: [-2.776776901360809, 3.7266841687897094, 5.240775585391428], Velocity: [-0.5527006163324961, -0.5751482286027855, -34.25291126374362]
Position: [-1.2278412354105213, -1.2726528188676591, 34.503638637815015], Rotation: [-2.8000912413608092, 3.6962480987897095, 5.240775585391428], Velocity: [-0.552516273995248, -0.5749545237175792, -34.35373151278549]
Position: [-1.2333663981504737, -1.278402364104835, 34.15912032268716], Rotation: [-2.8234055813608094, 3.6658120287897096, 5.240775585391428], Velocity: [-0.552331931658, -0.5747608188323728, -34.454551761827354]
Position: [-1.2388897174670537, -1.2841499722931586, 33.813593805068884], Rotation: [-2.8467199213608096, 3.6353759587897096, 5.240775585391428], Velocity: [-0.5521475893207519, -0.5745671139471665, -34.55537201086922]
Position: [-1.2444111933602613, -1.2898956434326303, 33.46705908496019], Rotation: [-2.87003426136081, 3.6049398887897097, 5.240775585391428], Velocity: [-0.5519632469835039, -0.5743734090619602, -34.65619225991109]
Position: [-1.2499308258300963, -1.29563937752325, 33.11951616236108], Rotation: [-2.89334860136081, 3.57450381878971, 5.240775585391428], Velocity: [-0.5517789046462558, -0.5741797041767539, -34.757012508952954]
Position: [-1.255448614876559, -1.3013811745650175, 32.77096503727155], Rotation: [-2.9166629413608103, 3.54406774878971, 5.240775585391428], Velocity: [-0.5515945623090077, -0.5739859992915476, -34.85783275799482]
Position: [-1.260964560499649, -1.307121034557933, 32.421405709691605], Rotation: [-2.9399772813608105, 3.51363167878971, 5.240775585391428], Velocity: [-0.5514102199717597, -0.5737922944063413, -34.95865300703669]
Position: [-1.2664786626993665, -1.3128589575019964, 32.07083817962124], Rotation: [-2.9632916213608107, 3.48319560878971, 5.240775585391428], Velocity: [-0.5512258776345116, -0.573598589521135, -35.059473256078554]
Position: [-1.2719909214757117, -1.3185949433972077, 31.719262447060455], Rotation: [-2.986605961360811, 3.45275953878971, 5.240775585391428], Velocity: [-0.5510415352972635, -0.5734048846359286, -35.16029350512042]
Position: [-1.2775013368286843, -1.324328992243567, 31.36667851200925], Rotation: [-3.009920301360811, 3.42232346878971, 5.240775585391428], Velocity: [-0.5508571929600155, -0.5732111797507223, -35.26111375416229]
Position: [-1.2830099087582845, -1.3300611040410744, 31.01308637446763], Rotation: [-3.0332346413608113, 3.3918873987897102, 5.240775585391428], Velocity: [-0.5506728506227674, -0.573017474865516, -35.361934003204155]
Position: [-1.288516637264512, -1.3357912787897295, 30.658486034435587], Rotation: [-3.0565489813608115, 3.3614513287897103, 5.240775585391428], Velocity: [-0.5504885082855193, -0.5728237699803097, -35.46275425224602]
Position: [-1.2940215223473672, -1.3415195164895326, 30.302877491913126], Rotation: [-3.0798633213608118, 3.3310152587897104, 5.240775585391428], Velocity: [-0.5503041659482713, -0.5726300650951034, -35.56357450128789]
Position: [-1.29952456400685, -1.3472458171404837, 29.946260746900247], Rotation: [-3.103177661360812, 3.3005791887897105, 5.240775585391428], Velocity: [-0.5501198236110232, -0.5724363602098971, -35.664394750329755]
Position: [-1.3050257622429602, -1.3529701807425827, 29.58863579939695], Rotation: [-3.126492001360812, 3.2701431187897105, 5.240775585391428], Velocity: [-0.5499354812737751, -0.5722426553246908, -35.76521499937162]
Position: [-1.310525117055698, -1.3586926072958296, 29.230002649403236], Rotation: [-3.1498063413608124, 3.2397070487897106, 5.240775585391428], Velocity: [-0.549751138936527, -0.5720489504394844, -35.86603524841349]
Position: [-1.3160226284450631, -1.3644130968002244, 28.8703612969191], Rotation: [-3.1731206813608126, 3.2092709787897107, 5.240775585391428], Velocity: [-0.549566796599279, -0.5718552455542781, -35.966855497455356]
Position: [-1.321518296411056, -1.3701316492557671, 28.509711741944546], Rotation: [-3.196435021360813, 3.1788349087897108, 5.240775585391428], Velocity: [-0.5493824542620309, -0.5716615406690718, -36.06767574649722]
Position: [-1.3270121209536763, -1.375848264662458, 28.148053984479574], Rotation: [-3.219749361360813, 3.148398838789711, 5.240775585391428], Velocity: [-0.5491981119247829, -0.5714678357838655, -36.16849599553909]
Position: [-1.332504102072924, -1.3815629430202965, 27.785388024524185], Rotation: [-3.2430637013608132, 3.117962768789711, 5.240775585391428], Velocity: [-0.5490137695875348, -0.5712741308986592, -36.269316244580956]
Position: [-1.3379942397687994, -1.387275684329283, 27.421713862078374], Rotation: [-3.2663780413608134, 3.087526698789711, 5.240775585391428], Velocity: [-0.5488294272502867, -0.5710804260134529, -36.37013649362282]
Position: [-1.3434825340413024, -1.3929864885894176, 27.057031497142145], Rotation: [-3.2896923813608137, 3.057090628789711, 5.240775585391428], Velocity: [-0.5486450849130386, -0.5708867211282466, -36.47095674266469]
Position: [-1.3489689848904327, -1.3986953558007, 26.691340929715498], Rotation: [-3.313006721360814, 3.026654558789711, 5.240775585391428], Velocity: [-0.5484607425757906, -0.5706930162430403, -36.57177699170656]
Position: [-1.3544535923161907, -1.4044022859631304, 26.324642159798433], Rotation: [-3.336321061360814, 2.996218488789711, 5.240775585391428], Velocity: [-0.5482764002385425, -0.5704993113578339, -36.67259724074842]
Position: [-1.359936356318576, -1.4101072790767089, 25.95693518739095], Rotation: [-3.3596354013608143, 2.9657824187897113, 5.240775585391428], Velocity: [-0.5480920579012944, -0.5703056064726276, -36.77341748979029]
Position: [-1.365417276897589, -1.415810335141435, 25.588220012493046], Rotation: [-3.3829497413608145, 2.9353463487897113, 5.240775585391428], Velocity: [-0.5479077155640464, -0.5701119015874213, -36.87423773883216]
Position: [-1.3708963540532295, -1.4215114541573093, 25.218496635104724], Rotation: [-3.4062640813608147, 2.9049102787897114, 5.240775585391428], Velocity: [-0.5477233732267983, -0.569918196702215, -36.975057987874024]
Position: [-1.3763735877854975, -1.4272106361243315, 24.847765055225985], Rotation: [-3.429578421360815, 2.8744742087897115, 5.240775585391428], Velocity: [-0.5475390308895502, -0.5697244918170087, -37.07587823691589]
Position: [-1.381848978094393, -1.4329078810425016, 24.476025272856827], Rotation: [-3.452887011360815, 2.8646497187897113, 5.240775585391428], Velocity: [-0.5153204382246577, -0.535830547132917, -37.14277919227148]
Position: [-1.3870021824766396, -1.4382661865138306, 24.10361648093411], Rotation: [-3.476195601360815, 2.854825228789711, 5.240775585391428], Velocity: [-0.48310184555976515, -0.5019366024488253, -37.209680147627076]
Position: [-1.3918332009322374, -1.4432855525383188, 23.73053867945784], Rotation: [-3.499504191360815, 2.845000738789711, 5.240775585391428], Velocity: [-0.45088325289487263, -0.4680426577647336, -37.27658110298267]
Position: [-1.396342033461186, -1.4479659791159663, 23.356791868428015], Rotation: [-3.522812781360815, 2.8351762487897108, 5.240775585391428], Velocity: [-0.4186646602299801, -0.43414871308064185, -37.34348205833826]
Position: [-1.4005286800634857, -1.4523074662467728, 22.98237604784463], Rotation: [-3.5461213713608153, 2.8253517587897106, 5.240775585391428], Velocity: [-0.3864460675650876, -0.4002547683965501, -37.41038301369385]
Position: [-1.4043931407391366, -1.4563100139307383, 22.607291217707694], Rotation: [-3.5694299613608154, 2.8155272687897104, 5.240775585391428], Velocity: [-0.35422747490019507, -0.36636082371245837, -37.477283969049445]
Position: [-1.4079354154881385, -1.459973622167863, 22.2315373780172], Rotation: [-3.5927385513608154, 2.80570277878971, 5.240775585391428], Velocity: [-0.32200888223530255, -0.33246687902836664, -37.54418492440504]
Position: [-1.4111555043104915, -1.4632982909581467, 21.85511452877315], Rotation: [-3.6160471413608155, 2.79587828878971, 5.240775585391428], Velocity: [-0.28979028957041003, -0.2985729343442749, -37.61108587976063]
Position: [-1.4140534072061957, -1.4662840203015894, 21.478022669975545], Rotation: [-3.6393557313608156, 2.78605379878971, 5.240775585391428], Velocity: [-0.2575716969055175, -0.26467898966018316, -37.67798683511622]
Position: [-1.4166291241752509, -1.4689308101981913, 21.10026180162438], Rotation: [-3.6626643213608157, 2.7762293087897096, 5.240775585391428], Velocity: [-0.22535310424062496, -0.23078504497609142, -37.744887790471815]
Position: [-1.4188826552176572, -1.4712386606479522, 20.721831923719662], Rotation: [-3.6859729113608157, 2.7664048187897095, 5.240775585391428], Velocity: [-0.19313451157573241, -0.1968911002919997, -37.81178874582741]
Position: [-1.4208140003334147, -1.4732075716508721, 20.34273303626139], Rotation: [-3.709281501360816, 2.7565803287897093, 5.240775585391428], Velocity: [-0.16091591891083987, -0.16299715560790795, -37.878689701183]
Position: [-1.422423159522523, -1.4748375432069512, 19.962965139249558], Rotation: [-3.732590091360816, 2.746755838789709, 5.240775585391428], Velocity: [-0.12869732624594732, -0.12910321092381621, -37.94559065653859]
Position: [-1.4237101327849824, -1.4761285753161892, 19.582528232684172], Rotation: [-3.755898681360816, 2.736931348789709, 5.240775585391428], Velocity: [-0.09647873358105477, -0.09520926623972448, -38.012491611894184]
Position: [-1.4246749201207929, -1.4770806679785864, 19.201422316565232], Rotation: [-3.779207271360816, 2.7271068587897087, 5.240775585391428], Velocity: [-0.06426014091616222, -0.06131532155563275, -38.079392567249776]
Position: [-1.4253175215299545, -1.4776938211941426, 18.819647390892733], Rotation: [-3.802515861360816, 2.7172823687897085, 5.240775585391428], Velocity: [-0.03204154825126968, -0.027421376871541017, -38.14629352260537]
Position: [-1.4256379370124672, -1.4779680349628581, 18.43720345566668], Rotation: [-3.825824451360816, 2.7074578787897083, 5.240775585391428], Velocity: [0.0001770444136228594, 0.006472567812550713, -38.21319447796096]
Position: [-1.425636166568331, -1.4779033092847327, 18.05409051088707], Rotation: [-3.8491330413608162, 2.697633388789708, 5.240775585391428], Velocity: [0.0323956370785154, 0.04036651249664244, -38.28009543331655]
Position: [-1.425312210197546, -1.4774996441597663, 17.670308556553906], Rotation: [-3.8724416313608163, 2.687808898789708, 5.240775585391428], Velocity: [0.06461422974340794, 0.07426045718073418, -38.346996388672146]
Position: [-1.424666067900112, -1.476757039587959, 17.285857592667185], Rotation: [-3.8957502213608164, 2.677984408789708, 5.240775585391428], Velocity: [0.09683282240830049, 0.10815440186482592, -38.41389734402774]
Position: [-1.4236977396760289, -1.4756754955693108, 16.900737619226906], Rotation: [-3.9190588113608165, 2.6681599187897076, 5.240775585391428], Velocity: [0.12905141507319304, 0.14204834654891765, -38.48079829938333]
Position: [-1.4224072255252969, -1.4742550121038216, 16.514948636233072], Rotation: [-3.9423674013608165, 2.6583354287897074, 5.240775585391428], Velocity: [0.16127000773808559, 0.1759422912330094, -38.54769925473892]
Position: [-1.420794525447916, -1.4724955891914915, 16.128490643685684], Rotation: [-3.9656759913608166, 2.6485109387897072, 5.240775585391428], Velocity: [0.19348860040297813, 0.20983623591710113, -38.614600210094515]
Position: [-1.4188596394438862, -1.4703972268323204, 15.741363641584739], Rotation: [-3.9889845813608167, 2.638686448789707, 5.240775585391428], Velocity: [0.22570719306787068, 0.24373018060119286, -38.68150116545011]
Position: [-1.4166025675132075, -1.4679599250263085, 15.353567629930238], Rotation: [-4.012293171360817, 2.628861958789707, 5.240775585391428], Velocity: [0.2579257857327632, 0.2776241252852846, -38.7484021208057]
Position: [-1.4140233096558799, -1.4651836837734555, 14.96510260872218], Rotation: [-4.035601761360817, 2.6190374687897067, 5.240775585391428], Velocity: [0.2901443783976557, 0.3115180699693763, -38.81530307616129]
Position: [-1.4111218658719034, -1.4620685030737617, 14.575968577960568], Rotation: [-4.058910351360817, 2.6092129787897065, 5.240775585391428], Velocity: [0.32236297106254824, 0.34541201465346805, -38.882204031516885]
Position: [-1.407898236161278, -1.458614382927227, 14.1861655376454], Rotation: [-4.082218941360817, 2.5993884887897063, 5.240775585391428], Velocity: [0.35458156372744076, 0.3793059593375598, -38.94910498687248]
Position: [-1.4043524205240034, -1.4548213233338514, 13.795693487776674], Rotation: [-4.105527531360817, 2.589563998789706, 5.240775585391428], Velocity: [0.3868001563923333, 0.4131999040216515, -39.01600594222807]
Position: [-1.40048441896008, -1.450689324293635, 13.404552428354393], Rotation: [-4.128836121360817, 2.579739508789706, 5.240775585391428], Velocity: [0.4190187490572258, 0.44709384870574326, -39.08290689758366]
Position: [-1.3962942314695077, -1.4462183858065776, 13.012742359378557], Rotation: [-4.152144711360817, 2.5699150187897057, 5.240775585391428], Velocity: [0.4512373417221183, 0.480987793389835, -39.149807852939254]
Position: [-1.3917818580522865, -1.4414085078726793, 12.620263280849164], Rotation: [-4.175453301360817, 2.5600905287897056, 5.240775585391428], Velocity: [0.48345593438701084, 0.5148817380739267, -39.21670880829485]
Position: [-1.3869472987084164, -1.43625969049194, 12.227115192766215], Rotation: [-4.198754221360817, 2.5708756987897057, 5.240775585391428], Velocity: [0.4764196453493094, 0.5074681865288966, -39.309327053214794]
Position: [-1.3821831022549234, -1.431185008626651, 11.833040922234067], Rotation: [-4.2220551413608165, 2.581660868789706, 5.240775585391428], Velocity: [0.469383356311608, 0.5000546349838665, -39.40194529813474]
Position: [-1.3774892686918072, -1.4261844622768125, 11.43804046925272], Rotation: [-4.245356061360816, 2.592446038789706, 5.240775585391428], Velocity: [0.46234706727390656, 0.49264108343883634, -39.49456354305469]
Position: [-1.3728657980190682, -1.4212580514424242, 11.042113833822173], Rotation: [-4.268656981360816, 2.603231208789706, 5.240775585391428], Velocity: [0.45531077823620514, 0.4852275318938062, -39.587181787974636]
Position: [-1.3683126902367062, -1.416405776123486, 10.645261015942426], Rotation: [-4.291957901360815, 2.614016378789706, 5.240775585391428], Velocity: [0.4482744891985037, 0.47781398034877604, -39.67980003289458]
Position: [-1.3638299453447211, -1.4116276363199982, 10.24748201561348], Rotation: [-4.315258821360815, 2.6248015487897063, 5.240775585391428], Velocity: [0.4412382001608023, 0.4704004288037459, -39.77241827781453]
Position: [-1.3594175633431131, -1.4069236320319607, 9.848776832835334], Rotation: [-4.338559741360815, 2.6355867187897064, 5.240775585391428], Velocity: [0.43420191112310086, 0.46298687725871573, -39.86503652273448]
Position: [-1.355075544231882, -1.4022937632593735, 9.44914546760799], Rotation: [-4.361860661360814, 2.6463718887897065, 5.240775585391428], Velocity: [0.42716562208539943, 0.4555733257136856, -39.957654767654425]
Position: [-1.350803888011028, -1.3977380300022366, 9.048587919931444], Rotation: [-4.385161581360814, 2.6571570587897066, 5.240775585391428], Velocity: [0.420129333047698, 0.44815977416865543, -40.05027301257437]
Position: [-1.346602594680551, -1.39325643226055, 8.6471041898057], Rotation: [-4.408462501360813, 2.6679422287897068, 5.240775585391428], Velocity: [0.4130930440099966, 0.4407462226236253, -40.14289125749432]
Position: [-1.342471664240451, -1.3888489700343138, 8.244694277230757], Rotation: [-4.431763421360813, 2.678727398789707, 5.240775585391428], Velocity: [0.40605675497229515, 0.43333267107859513, -40.23550950241427]
Position: [-1.338411096690728, -1.384515643323528, 7.841358182206614], Rotation: [-4.455064341360813, 2.689512568789707, 5.240775585391428], Velocity: [0.3990204659345937, 0.425919119533565, -40.328127747334214]
Position: [-1.3344208920313823, -1.3802564521281924, 7.437095904733272], Rotation: [-4.478365261360812, 2.700297738789707, 5.240775585391428], Velocity: [0.3919841768968923, 0.41850556798853483, -40.42074599225416]
Position: [-1.3305010502624133, -1.3760713964483071, 7.03190744481073], Rotation: [-4.501666181360812, 2.7110829087897073, 5.240775585391428], Velocity: [0.3849478878591909, 0.4110920164435047, -40.51336423717411]
Position: [-1.3266515713838214, -1.371960476283872, 6.625792802438989], Rotation: [-4.5249671013608115, 2.7218680787897074, 5.240775585391428], Velocity: [0.37791159882148945, 0.40367846489847453, -40.605982482094056]
Position: [-1.3228724553956066, -1.3679236916348871, 6.218751977618048], Rotation: [-4.548268021360811, 2.7326532487897075, 5.240775585391428], Velocity: [0.370875309783788, 0.3962649133534444, -40.698600727014004]
Position: [-1.3191637022977687, -1.3639610425013526, 5.810784970347908], Rotation: [-4.571568941360811, 2.7434384187897076, 5.240775585391428], Velocity: [0.3638390207460866, 0.38885136180841423, -40.79121897193395]
Position: [-1.3155253120903079, -1.3600725288832685, 5.401891780628568], Rotation: [-4.59486986136081, 2.7542235887897077, 5.240775585391428], Velocity: [0.35680273170838517, 0.3814378102633841, -40.8838372168539]
Position: [-1.311957284773224, -1.3562581507806346, 4.992072408460029], Rotation: [-4.61817078136081, 2.765008758789708, 5.240775585391428], Velocity: [0.34976644267068374, 0.37402425871835393, -40.976455461773845]
Position: [-1.308459620346517, -1.352517908193451, 4.58132685384229], Rotation: [-4.6414717013608096, 2.775793928789708, 5.240775585391428], Velocity: [0.3427301536329823, 0.3666107071733238, -41.06907370669379]
Position: [-1.3050323188101873, -1.3488518011217179, 4.169655116775352], Rotation: [-4.664772621360809, 2.786579098789708, 5.240775585391428], Velocity: [0.3356938645952809, 0.35919715562829363, -41.16169195161374]
Position: [-1.3016753801642345, -1.345259829565435, 3.7570571972592144], Rotation: [-4.688073541360809, 2.7973642687897082, 5.240775585391428], Velocity: [0.32865757555757946, 0.3517836040832635, -41.25431019653369]
Position: [-1.2983888044086587, -1.3417419935246024, 3.3435330952938775], Rotation: [-4.711374461360808, 2.8081494387897084, 5.240775585391428], Velocity: [0.32162128651987804, 0.34437005253823333, -41.346928441453635]
Position: [-1.29517259154346, -1.3382982929992202, 2.929082810879341], Rotation: [-4.734675381360808, 2.8189346087897085, 5.240775585391428], Velocity: [0.3145849974821766, 0.3369565009932032, -41.43954668637358]
Position: [-1.2920267415686382, -1.334928727989288, 2.5137063440156053], Rotation: [-4.757976301360808, 2.8297197787897086, 5.240775585391428], Velocity: [0.3075487084444752, 0.32954294944817303, -41.53216493129353]
Position: [-1.2889512544841935, -1.3316332984948063, 2.09740369470267], Rotation: [-4.781277221360807, 2.8405049487897087, 5.240775585391428], Velocity: [0.30051241940677376, 0.3221293979031429, -41.62478317621348]
Position: [-1.2859461302901256, -1.3284120045157748, 1.680174862940535], Rotation: [-4.804578141360807, 2.851290118789709, 5.240775585391428], Velocity: [0.29347613036907233, 0.3147158463581127, -41.717401421133424]
Position: [-1.2830113689864349, -1.3252648460521936, 1.2620198487292007], Rotation: [-4.8278790613608065, 2.862075288789709, 5.240775585391428], Velocity: [0.2864398413313709, 0.3073022948130826, -41.81001966605337]
Position: [-1.2801469705731212, -1.3221918231040628, 0.842938652068667], Rotation: [-4.851179981360806, 2.872860458789709, 5.240775585391428], Velocity: [0.2794035522936695, 0.2998887432680524, -41.90263791097332]
Position: [-1.2773529350501844, -1.3191929356713823, 0.4229312729589338], Rotation: [-4.874480901360806, 2.883645628789709, 5.240775585391428], Velocity: [0.27236726325596805, 0.2924751917230223, -41.995256155893266]
Position: [-1.2746292624176248, -1.316268183754152, 0.001997711400001101], Rotation: [-4.897781821360805, 2.8944307987897093, 5.240775585391428], Velocity: [0.2653309742182666, 0.2850616401779921, -42.08787440081321]
Position: [-1.2719759526754422, -1.3134175673523723, -0.41986203260813104], Rotation: [-4.921082741360805, 2.9052159687897094, 5.240775585391428], Velocity: [0.2582946851805652, 0.277648088632962, -42.18049264573316]
